0
2 1 45.1563
4 2 74.6811
4 3 97.0537
5 0 24.2602
5 4 35.8415
6 5 43.9801
7 0 49.9710
7 1 35.9109
7 3 22.6604
7 5 97.6851
7 6 63.4979
8 0 37.6707
8 2 22.6227
8 3 52.5670
8 4 65.6791
8 6 55.7938
9 0 37.5801
9 1 32.1677
9 2 7.2620
9 4 86.0037
9 8 73.0962
10 6 3.5454
11 0 23.5255
11 2 70.2196
11 8 46.5170
11 9 84.1513
12 3 5.3403
12 5 24.8050
12 6 85.9238
12 8 3.6200
12 11 12.0411
13 1 62.6080
13 2 93.7729
13 5 30.3144
13 11 27.8977
14 0 31.6938
14 1 8.2346
14 3 38.5678
14 4 19.3654
14 8 25.7765
14 11 22.5626
14 12 37.0208
15 1 19.2707
15 3 68.0578
15 4 31.5895
15 5 73.6312
15 11 46.4336
16 2 47.8756
16 7 63.0516
16 9 49.0473
16 12 31.8795
16 14 55.8555
17 2 66.9434
17 5 69.4255
17 6 98.2754
17 7 80.0153
17 9 66.7642
17 10 81.3873
17 11 78.9508
17 16 31.4222
18 0 51.9315
18 1 68.9205
18 2 10.9133
18 5 56.5692
18 8 78.9564
18 9 74.4018
18 16 69.9441
19 1 82.6862
19 2 37.6298
19 3 35.2847
19 4 99.9457
19 6 81.0411
19 8 95.0290
19 11 11.2554
19 13 91.1685
19 16 23.5011
20 0 85.3802
20 1 77.6875
20 2 69.8456
20 4 78.2967
20 6 79.3118
20 7 87.6205
20 8 40.1474
20 11 64.4583
20 12 75.8509
20 14 74.0304
20 15 12.8908
20 17 7.5832
20 18 23.4148
21 1 19.7963
21 2 89.8016
21 3 28.4338
21 4 70.0890
21 6 97.0848
21 9 5.1489
21 11 78.6917
21 14 81.5629
21 16 39.4986
21 17 15.4542
21 18 71.9088
21 19 83.3684
22 0 72.5514
22 2 64.3321
22 7 5.9758
22 9 79.8928
22 11 56.3339
22 12 83.3910
22 15 9.9189
22 19 1.2460
22 20 25.1808
23 0 20.1042
23 3 6.6110
23 6 91.3088
23 7 74.3698
23 9 51.8513
23 11 55.3260
23 18 41.4688
23 19 69.3885
23 20 66.7392
23 22 99.7245
24 1 81.9709
24 3 72.1415
24 6 1.2822
24 7 94.9008
24 8 26.0342
24 9 19.5119
24 10 42.9198
24 13 52.3071
24 16 44.9724
24 18 26.0266
24 21 55.8577
24 22 34.5752
25 5 67.2784
25 6 27.2968
25 7 39.7134
25 10 98.7695
25 17 76.6631
25 18 58.0447
25 19 33.3165
25 20 15.1476
25 24 42.5515
26 3 63.5850
26 5 5.0189
26 14 32.4572
26 18 1.7043
26 19 19.4227
27 1 78.5453
27 2 57.7503
27 5 20.6139
27 7 64.3444
27 9 84.5478
27 10 32.7470
27 11 42.5627
27 14 4.6903
27 15 72.6571
27 16 36.7742
27 19 59.4842
27 21 5.8056
27 23 19.6208
27 24 95.2720
27 26 85.9797
28 0 58.0201
28 5 3.7540
28 7 54.9277
28 10 24.4624
28 13 11.2004
28 16 14.9355
28 23 37.2511
28 26 80.3166
29 2 89.7382
29 3 25.4581
29 7 70.5773
29 8 38.2292
29 9 55.0577
29 16 97.7277
29 17 70.9971
29 18 43.7677
29 19 30.7865
29 20 40.4501
29 21 79.0164
29 25 46.5093
29 26 49.0956
29 27 34.1840
30 1 6.7491
30 18 40.3414
30 19 12.6647
30 20 20.7200
30 21 89.2858
30 22 45.9142
30 24 60.2295
31 2 69.4183
31 3 68.6555
31 5 28.0019
31 8 35.3988
31 10 47.5946
31 11 18.3389
31 12 62.5225
31 13 40.5091
31 16 95.3346
31 18 37.8283
31 20 7.7367
31 22 55.1020
31 24 74.7456
31 30 71.2808
32 5 94.2162
32 8 20.0897
32 9 95.0612
32 11 52.6659
32 12 18.2745
32 13 64.7909
32 18 77.7968
32 19 32.8419
32 20 52.0539
32 26 48.2898
32 27 9.2776
32 30 9.0326
33 4 36.0015
33 6 89.2521
33 9 56.9025
33 10 30.8481
33 13 22.9972
33 17 67.1951
33 22 69.6920
33 24 11.0230
33 25 90.5066
33 29 70.3269
33 31 53.2826
34 2 11.2529
34 4 37.0888
34 5 35.4959
34 7 38.5229
34 10 96.7231
34 12 24.9331
34 14 6.5677
34 15 8.1059
34 16 9.7677
34 18 12.5164
34 20 1.6850
34 22 22.0801
34 25 35.9615
34 26 84.7333
34 28 63.4690
34 30 40.6125
34 31 91.7097
34 32 30.7817
35 0 84.2313
35 3 17.0517
35 10 31.8774
35 19 39.1312
35 21 96.7814
35 22 18.6416
35 26 37.9411
35 29 67.7147
35 30 18.6162
35 31 85.1979
36 1 31.8655
36 3 14.9713
36 6 94.8351
36 7 85.6754
36 9 46.3960
36 10 95.7527
36 14 40.6586
36 15 47.6369
36 18 78.6903
36 19 93.7044
36 23 52.1393
36 24 14.9996
36 25 48.9047
36 26 43.0424
36 29 47.8227
36 30 53.3998
36 31 98.2862
36 32 45.5491
36 34 75.7860
37 1 6.7681
37 2 19.1966
37 3 93.5366
37 6 55.4544
37 8 8.7726
37 9 94.7174
37 10 18.4210
37 14 51.5222
37 18 69.8667
37 19 56.9866
37 23 15.9775
37 24 34.7675
37 33 64.7064
37 35 40.2625
37 36 23.8221
38 1 23.7128
38 2 62.0522
38 4 48.2808
38 8 8.7994
38 12 98.8985
38 13 88.7081
38 16 32.8420
38 17 35.6914
38 18 38.3766
38 20 31.8536
38 21 75.9098
38 22 47.1502
38 24 11.8554
38 25 76.6776
38 27 46.0827
38 32 1.9399
38 36 78.6379
38 37 6.1516
39 4 12.8365
39 5 91.3149
39 9 52.7118
39 17 81.9296
39 19 26.6906
39 22 50.0379
39 24 61.3127
39 31 95.0443
39 35 17.0508
40 1 99.0912
40 5 60.9521
40 11 95.3294
40 12 74.3849
40 18 48.8927
40 19 80.9466
40 21 23.6912
40 22 3.4141
40 23 21.2316
40 25 42.3530
40 29 46.5375
40 36 60.7679
40 39 23.3130
41 4 96.1996
41 6 24.0600
41 7 65.0702
41 8 89.5406
41 9 80.1521
41 10 48.2785
41 11 62.9537
41 14 99.7871
41 17 8.9631
41 19 25.9811
41 21 31.6174
41 23 53.0466
41 25 16.9391
41 28 85.5590
41 31 62.3273
41 40 16.6052
42 3 88.6467
42 4 77.7529
42 5 95.5713
42 6 38.8376
42 10 63.1472
42 13 98.7760
42 14 1.8685
42 17 62.0531
42 24 89.1995
42 27 46.5696
42 33 70.2321
42 34 9.6441
42 39 54.1129
42 40 98.8022
43 0 41.8740
43 4 70.8300
43 6 3.9116
43 7 23.3198
43 9 99.0514
43 11 79.4880
43 12 76.0330
43 13 90.6039
43 15 12.4680
43 16 73.5224
43 18 75.9830
43 19 82.7034
43 20 3.8931
43 21 50.1800
43 22 99.8497
43 24 47.2676
43 26 16.9819
43 32 10.0398
43 33 71.8392
43 35 80.0188
43 37 4.8859
43 39 2.0648
44 4 38.3996
44 6 22.1630
44 7 82.7517
44 10 16.9999
44 13 95.1359
44 15 10.7590
44 17 91.0131
44 21 27.7779
44 23 57.4319
44 25 80.3567
44 28 77.1014
44 29 29.8261
44 30 33.9590
44 31 54.3082
44 32 59.8019
44 33 39.5678
44 34 47.9855
44 36 8.9838
44 37 44.2383
44 38 23.1080
44 40 10.3311
44 41 65.0619
44 43 10.8629
45 4 1.3415
45 5 92.6480
45 6 30.5745
45 8 70.7464
45 9 44.2265
45 10 10.5584
45 11 52.1309
45 12 27.4919
45 15 7.0178
45 16 56.8418
45 17 95.9071
45 18 57.4961
45 22 57.8877
45 23 47.6765
45 27 29.7857
45 28 50.8700
45 34 49.8996
45 38 75.6268
45 39 18.9454
45 40 83.7723
45 43 35.2864
46 6 41.8124
46 10 38.5464
46 11 42.5671
46 14 27.0944
46 21 31.1956
46 22 7.8776
46 25 81.8917
46 27 48.0813
46 30 77.7544
46 31 77.7382
46 32 77.0024
46 33 71.6050
46 35 76.0715
46 36 38.8032
46 41 6.6959
46 43 95.3872
46 44 63.3061
46 45 9.6027
47 0 99.8460
47 3 47.2378
47 4 14.6086
47 5 91.6330
47 7 28.2092
47 12 88.3994
47 13 41.1662
47 17 34.7942
47 20 98.1678
47 22 51.1225
47 31 48.1501
47 32 10.9502
47 34 9.0799
47 37 91.9488
47 40 81.2223
47 42 63.1519
48 15 78.3894
48 16 25.7079
48 21 58.3691
48 25 48.8099
48 26 78.9353
48 28 63.2508
48 29 79.3394
48 31 35.6707
48 32 8.3390
48 40 55.2065
48 42 6.7728
49 1 69.1985
49 3 19.0462
49 4 54.1168
49 8 62.1534
49 9 13.6478
49 13 54.8283
49 14 6.2374
49 18 81.1258
49 19 86.8627
49 21 1.6203
49 25 63.6846
49 26 32.0595
49 27 69.9552
49 28 60.9568
49 30 75.5623
49 31 8.8560
49 32 28.9472
49 35 51.5851
49 36 98.9946
49 38 90.4196
49 40 65.1563
49 41 85.3253
49 43 70.6649
49 44 80.0322
50 5 4.0842
50 8 15.1359
50 13 9.2527
50 17 25.9847
50 23 1.3329
50 25 12.9724
50 31 24.7286
50 34 40.5014
50 36 61.2064
50 38 38.8723
50 41 63.0289
50 44 36.7834
50 45 59.3960
50 48 83.5830
50 49 2.3455
51 3 49.1259
51 4 51.5378
51 8 90.2039
51 20 26.7674
51 26 78.6323
51 32 60.8236
51 33 4.5825
51 34 40.8215
51 36 70.9729
51 38 83.2517
51 39 83.0134
51 40 1.5251
51 43 63.1151
51 48 30.8700
52 1 81.3669
52 2 83.5318
52 3 17.5870
52 11 62.2628
52 14 22.6366
52 17 1.6066
52 24 4.3824
52 29 23.3166
52 30 83.9375
52 32 83.7437
52 39 14.6706
52 40 85.3732
52 44 78.4352
52 47 95.2073
52 49 4.4410
53 0 62.7893
53 1 74.3161
53 2 14.1898
53 3 77.0560
53 5 49.4448
53 6 8.4979
53 10 47.1057
53 15 1.2906
53 17 70.9636
53 18 70.6247
53 20 78.7672
53 23 3.5674
53 24 88.7761
53 25 2.8557
53 27 23.6558
53 28 66.8284
53 32 81.1394
53 35 97.8912
53 36 85.4773
53 39 27.0319
53 43 28.1634
53 44 10.2978
53 45 40.3116
53 46 2.9941
53 47 69.0980
54 3 33.5852
54 5 12.0174
54 9 18.4861
54 10 63.2687
54 11 45.8619
54 14 77.6094
54 18 68.2704
54 21 69.2845
54 25 20.3006
54 26 44.0159
54 28 76.4830
54 30 47.3805
54 31 26.3685
54 34 80.1402
54 35 6.4228
54 36 15.9454
54 38 68.4712
54 40 85.4768
54 43 63.3346
54 45 30.7870
54 46 79.1596
55 10 39.0710
55 15 21.1728
55 16 35.2407
55 17 51.9403
55 18 12.2174
55 19 57.2806
55 23 87.8399
55 24 18.0057
55 26 55.7487
55 29 64.0309
55 32 35.6885
55 34 24.1801
55 35 88.1178
55 36 42.8122
55 40 43.1449
55 41 15.2114
55 46 52.4439
55 47 10.3356
55 48 45.1867
55 49 64.5530
55 53 10.0533
55 54 52.8557
56 0 86.0890
56 2 2.6285
56 6 56.6126
56 11 3.5314
56 12 49.1793
56 14 64.4092
56 19 9.1671
56 20 88.8668
56 29 15.8667
56 30 1.6598
56 31 74.8818
56 37 64.6637
56 38 39.0247
56 39 87.3292
56 40 46.4899
56 41 26.1229
56 42 97.2104
56 48 31.0832
56 50 50.8075
56 52 18.6593
56 55 2.6711
57 0 71.5754
57 9 1.9860
57 13 42.1359
57 14 81.1897
57 19 11.5276
57 23 73.9108
57 24 63.1941
57 25 89.4126
57 27 60.7036
57 35 88.9018
57 38 44.4359
57 42 56.0470
57 48 73.2332
57 49 90.8530
57 50 86.7852
57 55 4.4826
58 0 38.6461
58 3 62.9804
58 4 38.3864
58 6 45.1859
58 7 53.1658
58 9 56.3391
58 10 38.0777
58 14 34.0963
58 15 85.9612
58 16 26.4764
58 18 50.4604
58 23 76.0480
58 24 50.0764
58 25 62.9479
58 26 45.4986
58 29 23.5416
58 30 17.8843
58 33 54.9081
58 36 49.1380
58 41 83.0083
58 42 11.9364
58 43 62.7752
58 48 55.6935
58 49 27.8958
58 53 84.5100
58 55 31.3948
58 57 79.6973
59 3 74.2419
59 5 81.5918
59 7 49.3092
59 8 41.8336
59 9 82.8566
59 14 13.3000
59 15 13.2342
59 18 84.3251
59 27 39.4608
59 28 16.6101
59 30 50.2882
59 35 90.1382
59 36 58.9572
59 37 2.3168
59 39 73.3245
59 41 45.4263
59 43 28.6208
59 46 43.2112
59 48 91.6655
59 49 5.3970
60 1 4.2057
60 2 87.9854
60 3 33.7830
60 6 49.1742
60 8 32.8084
60 11 27.0553
60 18 30.8982
60 21 51.9771
60 23 78.5911
60 27 23.8528
60 28 43.1029
60 29 69.9290
60 31 52.0274
60 37 44.1418
60 38 13.6073
60 39 86.8233
60 40 81.2615
60 45 25.2761
60 55 10.8755
60 57 33.3391
61 0 26.6351
61 2 58.9083
61 3 40.5629
61 4 63.9058
61 7 33.2765
61 12 61.5973
61 14 7.0924
61 16 93.5855
61 18 4.3250
61 23 99.0337
61 24 49.2212
61 26 79.6302
61 28 24.8385
61 29 10.6004
61 31 52.4751
61 33 27.6595
61 34 96.0891
61 36 79.4373
61 38 90.5827
61 42 16.1084
61 45 47.7793
61 46 19.4245
61 48 58.0392
61 51 22.6323
61 52 64.2461
61 56 38.2275
61 57 42.2963
61 59 56.9207
61 60 60.3191
62 0 61.1953
62 1 33.1055
62 2 49.2947
62 3 28.7995
62 5 44.4894
62 14 4.1046
62 20 46.8880
62 21 28.0422
62 22 55.7932
62 23 2.1813
62 27 87.7608
62 34 64.0854
62 35 54.5494
62 36 80.6703
62 37 47.5656
62 38 76.9516
62 41 47.3134
62 44 2.1405
62 47 33.3920
62 52 92.5270
62 55 99.1161
62 58 94.2216
62 59 15.6669
63 0 99.0340
63 1 22.7237
63 3 76.8452
63 7 81.1208
63 8 93.5564
63 10 94.9688
63 12 96.4338
63 14 12.3506
63 17 99.6501
63 18 71.5880
63 24 74.8145
63 25 98.4233
63 26 21.7030
63 27 93.3287
63 29 2.2790
63 30 92.3020
63 33 15.3067
63 34 21.7876
63 35 27.3003
63 37 14.3245
63 39 3.4934
63 42 60.7997
63 43 77.8187
63 45 46.6007
63 48 58.8131
63 49 74.6309
63 52 88.3003
63 53 26.9059
63 54 48.4738
63 57 99.9192
63 58 25.9169
63 59 44.6869
63 62 5.6506
64 0 46.7694
64 1 32.1379
64 6 48.6081
64 8 42.5629
64 11 20.8203
64 12 51.5991
64 14 2.7040
64 15 87.9577
64 16 1.6339
64 17 48.8618
64 18 15.8751
64 19 39.3942
64 22 7.9214
64 23 52.6605
64 24 29.0423
64 25 89.1318
64 26 56.7588
64 27 52.8432
64 30 42.5391
64 31 64.3209
64 33 53.4176
64 35 21.6190
64 37 51.7706
64 39 42.1092
64 41 18.6850
64 43 19.8419
64 48 23.2689
64 49 97.5851
64 50 22.3982
64 51 4.7493
64 53 13.3918
64 57 13.2784
64 63 60.4279
65 4 79.3828
65 5 44.3224
65 6 49.7037
65 7 23.0822
65 11 18.4854
65 13 28.4345
65 14 3.2127
65 16 96.6718
65 17 25.9437
65 18 77.8380
65 19 27.1096
65 22 39.7637
65 23 61.0216
65 25 53.0734
65 26 56.3464
65 28 36.4118
65 29 74.5859
65 30 55.3600
65 31 97.2893
65 32 18.5577
65 34 11.0690
65 35 87.8227
65 36 50.0856
65 37 19.2867
65 42 75.0958
65 43 12.0878
65 47 24.3716
65 49 81.0965
65 51 89.6450
65 55 48.2441
65 56 79.5424
65 58 52.5613
65 60 24.7776
65 61 98.7085
65 62 77.6001
65 64 98.4645
66 3 83.9534
66 4 12.8663
66 6 8.2433
66 7 68.5984
66 8 53.2263
66 10 35.6561
66 13 40.5498
66 14 41.1478
66 15 55.9887
66 18 56.7117
66 19 5.6330
66 27 43.6589
66 28 57.3882
66 33 72.2166
66 37 10.2815
66 38 91.9306
66 39 89.5543
66 40 48.9738
66 46 90.4230
66 48 93.1342
66 49 46.6077
66 51 85.6772
66 52 12.8080
66 56 77.9373
66 58 45.6638
66 60 24.4004
66 65 35.0236
67 2 78.4592
67 3 72.4871
67 6 54.5371
67 8 51.2129
67 11 22.6160
67 12 75.0671
67 13 90.5578
67 14 62.2829
67 15 7.8652
67 17 9.3401
67 20 48.6961
67 26 83.5998
67 28 86.9964
67 31 97.8957
67 33 73.9542
67 34 40.6110
67 35 91.9318
67 43 95.9751
67 46 2.6317
67 49 41.1669
67 57 76.8524
67 66 86.4913
68 0 75.1705
68 6 4.9203
68 7 53.9067
68 8 28.1193
68 9 53.0227
68 10 35.7755
68 14 37.3416
68 18 71.5507
68 19 7.8550
68 21 83.5022
68 22 42.6127
68 24 93.2486
68 28 40.5746
68 29 30.6546
68 30 19.1586
68 32 22.9966
68 34 19.0618
68 36 92.6994
68 39 71.9874
68 41 78.2868
68 42 51.0223
68 45 90.7865
68 46 85.1040
68 48 77.1273
68 49 67.1803
68 51 90.3786
68 55 89.1580
68 58 36.6519
68 62 30.3037
68 64 27.2558
68 65 96.8567
68 66 19.5379
69 2 21.0925
69 4 81.1609
69 6 44.0740
69 8 58.4189
69 13 26.8105
69 16 64.9768
69 22 8.7899
69 25 84.4549
69 31 12.9798
69 34 82.5020
69 36 83.2432
69 37 60.6445
69 39 5.0522
69 40 62.7773
69 46 35.4182
69 48 34.6255
69 49 90.8267
69 56 11.9805
69 58 3.4583
69 60 48.5780
69 63 39.3404
69 67 83.5874
69 68 63.8366
70 1 21.9602
70 5 24.1008
70 6 36.3461
70 7 69.7992
70 8 78.2990
70 10 7.4860
70 16 29.1138
70 18 30.0842
70 21 16.2293
70 24 43.0165
70 25 77.7048
70 26 25.8705
70 27 96.1066
70 32 73.3947
70 33 95.8925
70 35 41.3030
70 37 74.9940
70 42 78.6690
70 43 69.3500
70 45 38.1805
70 51 8.1630
70 54 7.1753
70 55 73.4709
70 56 22.4986
70 63 10.2982
70 64 11.6665
70 66 51.7851
70 67 22.9970
70 68 31.0938
71 1 88.3579
71 6 34.0498
71 10 11.2353
71 12 73.9976
71 19 59.2257
71 29 88.6861
71 30 80.5226
71 38 99.4528
71 39 14.5556
71 40 23.9390
71 42 39.0206
71 45 39.2940
71 46 30.3624
71 48 30.5668
71 49 97.2188
71 50 6.1677
71 51 43.1537
71 52 69.4017
71 62 61.6503
71 67 53.5576
71 68 11.4518
72 2 11.5928
72 5 18.0312
72 8 32.8136
72 9 12.3636
72 12 7.3370
72 15 87.2765
72 18 72.8301
72 20 56.8209
72 21 70.4277
72 22 87.3888
72 25 6.1700
72 31 62.3302
72 32 19.7347
72 35 93.9364
72 38 28.1305
72 41 82.7469
72 46 50.0626
72 47 85.1622
72 54 31.2473
72 57 94.8422
72 59 86.7098
72 60 51.7147
72 61 62.1606
72 62 4.0559
72 65 14.2011
73 0 33.6281
73 1 1.9131
73 2 61.1951
73 5 43.3240
73 6 23.0488
73 11 37.2802
73 12 86.8240
73 21 7.5746
73 22 28.2937
73 23 22.4149
73 24 46.8558
73 32 4.7143
73 34 77.0404
73 37 68.0165
73 42 19.2753
73 46 11.6289
73 49 83.5696
73 50 68.9313
73 51 64.3981
73 54 27.0068
73 55 72.1971
73 58 20.3526
73 59 7.6388
73 61 12.0446
73 62 53.1888
73 63 46.7364
73 65 8.1064
73 66 48.6959
73 68 57.4083
73 69 8.9932
73 71 34.0842
74 1 10.8453
74 3 60.8347
74 6 32.5343
74 8 56.9443
74 9 89.0494
74 14 80.2141
74 15 89.3113
74 18 59.6740
74 19 1.9302
74 20 78.3500
74 21 31.1406
74 25 32.2670
74 31 86.8234
74 33 60.5808
74 34 3.1786
74 35 13.8305
74 36 51.1200
74 37 26.5033
74 43 88.8994
74 47 4.6062
74 50 98.7808
74 51 56.3468
74 55 80.7062
74 58 37.6596
74 60 12.8332
74 61 30.8809
74 63 70.9086
74 64 54.0780
74 68 37.8473
74 69 71.8130
74 72 7.8387
74 73 35.7181
75 0 74.3869
75 4 51.5971
75 5 87.1894
75 6 69.8743
75 7 29.5105
75 8 95.9005
75 9 45.1451
75 17 57.5454
75 19 51.4162
75 23 88.6329
75 28 59.4434
75 32 88.0087
75 33 38.4424
75 38 93.9452
75 40 19.7503
75 42 81.4862
75 46 65.4089
75 50 36.8695
75 52 61.1500
75 53 1.6039
75 54 67.9972
75 60 36.1457
75 62 45.5138
75 63 24.0849
75 68 58.1980
75 69 34.1049
75 70 52.7660
76 3 23.2128
76 4 12.5591
76 6 49.9677
76 7 86.2740
76 11 86.5507
76 12 9.8628
76 15 57.2131
76 19 63.6915
76 20 10.7188
76 23 14.6260
76 24 5.4886
76 26 47.4004
76 28 39.8365
76 29 21.5259
76 30 90.7009
76 31 50.6936
76 32 73.3933
76 36 12.5170
76 38 85.0788
76 39 48.0262
76 40 49.3915
76 45 61.4104
76 47 34.6606
76 48 87.2891
76 52 38.9790
76 56 11.5312
76 57 15.0911
76 58 75.7922
76 60 17.4326
76 64 26.6693
76 65 85.3992
76 67 11.9458
76 68 24.7548
76 69 84.1295
76 71 16.6756
76 73 49.3263
76 74 46.0083
77 3 96.7849
77 4 90.5569
77 8 54.2040
77 10 18.7266
77 14 68.8721
77 17 88.3580
77 19 89.5137
77 21 66.0232
77 23 64.2593
77 31 93.6310
77 32 76.2432
77 33 87.0057
77 34 18.7194
77 37 99.8324
77 39 53.0645
77 44 50.4014
77 48 31.5255
77 57 13.4643
77 59 69.2390
77 61 33.6552
77 66 78.8303
77 69 1.4192
77 71 61.5697
77 72 64.2808
78 1 80.7572
78 2 30.5649
78 3 67.4847
78 4 84.0964
78 5 73.2773
78 9 43.6517
78 13 13.6655
78 19 95.1168
78 20 24.6212
78 21 21.1536
78 23 21.6223
78 24 58.3308
78 27 37.8468
78 29 8.8145
78 30 66.9029
78 31 94.7830
78 32 44.3572
78 34 92.1798
78 38 9.0341
78 41 23.9147
78 46 68.8669
78 50 55.7081
78 52 56.8585
78 56 54.0958
78 58 13.5171
78 60 21.5634
78 61 79.0243
78 64 3.3167
78 65 92.8150
78 66 66.5966
78 73 30.7777
78 74 76.2199
79 1 32.0386
79 2 81.2527
79 4 99.0866
79 8 30.3126
79 9 39.4452
79 11 76.7780
79 12 63.8529
79 15 94.6072
79 23 95.8564
79 24 35.6805
79 27 75.3865
79 29 34.7913
79 30 55.3792
79 31 74.9093
79 32 79.3427
79 33 24.8746
79 37 64.5940
79 39 76.9032
79 44 21.9353
79 45 45.9372
79 50 14.6121
79 56 25.3499
79 57 40.2927
79 58 85.4545
79 60 60.4756
79 61 87.2939
79 63 50.5816
79 65 54.0699
79 68 14.4973
79 70 27.3305
79 71 65.3685
79 72 69.5827
79 77 28.2801
80 0 33.0040
80 3 19.7591
80 4 63.3076
80 5 83.6850
80 6 54.9508
80 7 86.0739
80 8 99.9808
80 11 96.9903
80 13 50.6417
80 15 31.2174
80 18 25.2311
80 20 3.1410
80 23 61.8116
80 25 78.2673
80 26 64.0268
80 27 78.4716
80 30 40.5239
80 31 60.9674
80 32 49.3572
80 33 96.9534
80 36 93.2043
80 38 91.1187
80 41 15.1572
80 42 7.2330
80 43 49.5469
80 44 26.6047
80 46 87.0388
80 48 79.8657
80 49 66.6603
80 50 5.4552
80 52 3.2500
80 53 43.1832
80 55 28.3779
80 57 36.7546
80 59 6.8034
80 60 84.6356
80 61 89.5281
80 63 85.5782
80 66 76.0858
80 69 13.7252
80 71 4.7779
80 72 59.4613
80 75 20.4777
80 78 68.0935
81 2 76.4444
81 5 71.4343
81 7 88.4266
81 9 98.0309
81 10 73.8653
81 11 90.6517
81 12 58.4961
81 13 2.2959
81 14 11.7456
81 15 8.3994
81 16 75.4791
81 18 76.7699
81 21 66.6094
81 23 67.4297
81 26 83.9887
81 27 12.7602
81 28 87.2184
81 30 85.5712
81 38 91.3542
81 40 24.0996
81 41 9.4018
81 42 32.6026
81 45 22.9482
81 47 41.8168
81 50 29.5264
81 53 27.1503
81 55 19.8919
81 60 43.9519
81 63 21.6901
81 69 80.3997
81 70 51.2048
81 71 47.1102
81 74 46.4994
81 75 58.3834
81 79 30.4162
81 80 40.6635
82 1 4.5552
82 2 84.8645
82 3 57.1335
82 4 27.4625
82 5 39.9961
82 7 27.8909
82 10 47.2125
82 11 2.6876
82 13 36.5722
82 14 50.5126
82 23 95.5232
82 25 89.6627
82 28 39.7183
82 29 51.8445
82 32 42.4206
82 33 57.9365
82 35 34.5360
82 38 88.0575
82 39 79.8146
82 40 19.7404
82 43 33.7552
82 49 3.3867
82 50 79.7330
82 51 33.4213
82 53 14.7749
82 55 41.6544
82 59 83.5460
82 66 27.4622
82 68 30.7161
82 69 45.3191
82 70 89.4287
82 71 88.5182
82 76 42.1620
82 78 67.3824
82 80 27.6927
83 0 52.4287
83 5 61.7048
83 6 69.1460
83 7 37.5680
83 12 37.5673
83 13 62.8780
83 15 60.7923
83 16 70.2627
83 17 5.5184
83 19 19.1850
83 24 30.3319
83 30 65.5210
83 32 43.8750
83 33 47.2561
83 34 40.6871
83 35 26.4666
83 36 23.5050
83 39 43.4633
83 40 7.7474
83 45 53.2749
83 46 18.1929
83 47 30.0010
83 56 8.3752
83 58 1.5289
83 60 93.8927
83 61 36.7996
83 67 16.2070
83 70 19.9615
83 71 40.0867
83 79 80.1920
83 80 85.8593
83 81 93.5903
84 3 85.6139
84 5 54.2677
84 7 92.8669
84 8 10.7870
84 9 50.1900
84 10 40.7858
84 13 49.8012
84 14 95.2552
84 15 82.9135
84 18 57.7694
84 21 26.9104
84 25 53.7739
84 28 36.1988
84 29 38.4645
84 36 68.8084
84 37 51.1738
84 40 56.9353
84 42 17.2969
84 43 30.8437
84 44 90.3439
84 48 67.3373
84 49 26.4341
84 50 81.4036
84 51 23.5751
84 53 55.2005
84 54 15.4943
84 55 27.6906
84 60 52.8285
84 63 5.1197
84 68 99.2191
84 70 53.7869
84 78 32.9535
84 80 16.1576
84 83 74.3456
85 3 51.3296
85 6 83.4063
85 7 90.8255
85 11 81.3711
85 12 81.6751
85 13 87.2405
85 14 35.4569
85 15 8.1970
85 16 71.1360
85 17 59.9886
85 18 41.2684
85 19 53.3674
85 21 37.3622
85 22 93.1482
85 23 42.3940
85 24 58.9493
85 26 73.2925
85 28 82.4419
85 29 83.5089
85 30 37.5265
85 32 84.2582
85 33 71.7759
85 35 1.4045
85 40 14.2765
85 42 23.8253
85 43 30.6368
85 47 49.8717
85 48 47.5178
85 49 56.1469
85 52 18.4242
85 53 9.5606
85 57 66.8859
85 58 30.4443
85 62 36.4972
85 71 94.0693
85 72 81.5684
85 74 74.1584
85 75 85.2002
85 76 16.8888
85 79 62.1506
85 82 6.5849
85 83 85.9184
86 7 12.3463
86 9 40.7236
86 11 30.1339
86 12 89.1030
86 15 44.4575
86 16 72.8795
86 18 93.0298
86 20 61.5006
86 21 46.7496
86 25 91.8735
86 26 39.4819
86 28 87.6585
86 31 84.9288
86 34 1.7935
86 36 20.6946
86 37 60.9367
86 39 94.9326
86 41 6.2470
86 42 37.6475
86 44 70.2182
86 46 90.0478
86 51 86.2074
86 53 66.5665
86 54 82.8494
86 55 77.1766
86 59 64.4172
86 64 96.6905
86 67 4.1962
86 71 23.9620
86 72 48.1363
86 80 59.1503
86 81 42.2526
86 83 63.4144
86 85 9.9252
87 2 35.9968
87 3 86.8423
87 4 15.2757
87 5 50.2652
87 7 97.2059
87 11 1.2622
87 14 8.2500
87 15 4.2681
87 19 78.1352
87 22 33.1103
87 26 7.4620
87 29 56.6241
87 32 75.4105
87 33 27.1615
87 34 75.1385
87 37 78.1043
87 38 20.4438
87 40 7.8417
87 41 75.8083
87 43 91.6287
87 46 49.1654
87 49 46.7586
87 51 47.4677
87 56 89.2441
87 57 52.0654
87 58 95.0471
87 59 14.0112
87 62 44.1100
87 63 20.0839
87 66 45.0713
87 67 97.7463
87 71 5.7320
87 72 85.1312
87 73 75.5740
87 76 52.9112
87 77 96.2017
87 78 21.3422
87 80 25.5365
88 2 75.2463
88 3 87.2694
88 4 10.9262
88 8 28.4410
88 11 96.0854
88 12 72.7272
88 17 99.7365
88 19 25.3728
88 21 16.6461
88 22 67.4734
88 24 85.7273
88 25 83.4027
88 26 48.1044
88 27 74.9786
88 29 45.7082
88 33 42.5992
88 34 1.5900
88 35 61.9796
88 37 19.7142
88 38 80.8110
88 40 40.7262
88 41 6.1783
88 43 16.7215
88 48 3.9405
88 50 99.7417
88 53 8.1900
88 57 88.6373
88 60 24.4371
88 64 19.8850
88 65 66.3637
88 67 70.1723
88 69 40.8034
88 70 86.7264
88 73 62.7637
88 79 51.7684
88 83 44.1137
88 84 47.8003
88 85 86.3872
88 86 21.5181
89 0 56.5483
89 1 84.3386
89 4 38.2137
89 6 8.3577
89 8 41.0833
89 20 1.4495
89 21 57.5156
89 22 74.5432
89 23 9.8737
89 24 95.4836
89 30 53.4732
89 34 90.9807
89 36 2.4181
89 38 30.7634
89 39 58.0330
89 44 17.9721
89 46 91.2534
89 47 31.6315
89 59 55.8360
89 60 13.0467
89 63 51.4858
89 64 48.7706
89 65 11.4017
89 66 93.9640
89 67 5.3779
89 68 54.0273
89 73 77.8189
89 75 8.1584
89 77 35.7369
89 83 72.4775
89 85 25.5518
89 87 12.8317
