0
1 0 46.0289
2 0 2.5175
2 1 52.9730
3 0 9.7582
3 2 22.7634
4 0 17.2234
4 1 29.9799
5 0 23.2894
5 1 36.9531
5 3 25.8408
5 4 27.4478
6 0 35.3604
6 1 7.9033
6 4 59.6718
6 5 53.9504
7 0 10.3129
7 1 11.6399
8 0 39.4448
8 1 41.8667
8 3 57.0680
8 5 53.2619
9 2 49.6908
9 3 12.4610
9 4 21.1716
9 7 30.3437
10 0 31.2259
10 3 18.6728
10 9 43.4354
11 0 54.2465
11 2 12.2447
11 4 11.5742
11 5 20.4344
11 8 18.2533
11 10 37.1961
12 0 43.6060
12 1 27.5115
12 3 2.3843
12 4 26.2411
12 5 19.0318
12 8 37.2232
12 10 54.0786
13 1 26.0610
13 3 53.6691
13 4 7.0891
13 5 18.0743
13 6 8.6058
13 8 28.8179
13 10 16.0164
13 11 15.0478
13 12 20.2441
14 1 45.8331
14 2 55.7820
14 3 5.1214
14 7 3.7966
14 9 53.6448
14 11 36.2187
15 1 35.3401
15 3 22.2597
15 6 34.7578
15 7 30.8858
15 9 52.1643
15 10 4.8586
15 11 42.9630
15 13 9.1861
15 14 33.9458
16 3 27.3531
16 4 2.3918
16 5 57.5035
16 6 10.4756
16 8 59.7174
16 9 17.2966
16 13 31.3351
16 14 39.1362
17 2 57.3309
17 3 44.0321
17 5 4.6829
17 6 40.6265
17 7 3.8776
17 8 12.1057
17 10 35.3478
17 12 56.5402
17 14 24.6887
18 2 51.1531
18 4 31.3320
18 8 47.9176
18 11 49.1894
18 12 12.0893
18 13 15.7176
18 16 14.1575
18 17 38.9752
19 1 59.6090
19 2 1.3280
19 3 47.2649
19 4 46.6846
19 5 5.9793
19 8 16.6822
19 9 27.5187
19 11 30.7006
19 14 21.9613
19 16 11.9379
19 17 10.0545
20 3 49.1428
20 4 58.3289
20 7 34.9788
20 10 41.3015
20 12 21.1092
20 13 6.9473
20 16 2.9420
20 19 59.0457
21 1 56.8753
21 8 8.0042
21 11 53.0931
21 12 15.2958
21 15 56.0393
21 16 9.3731
21 17 18.9633
21 19 40.7461
22 0 16.0641
22 3 18.4937
22 4 2.3409
22 6 26.9062
22 9 4.2857
22 12 2.1850
22 13 41.8376
22 14 41.4551
22 17 58.6425
23 0 14.8526
23 7 20.3626
23 10 8.7203
23 12 28.0708
23 13 6.7009
23 16 16.3769
23 17 40.4393
23 18 9.5545
23 20 29.6055
24 1 54.1274
24 5 49.1514
24 6 18.9154
24 7 48.0617
24 8 46.8090
24 10 6.8581
24 13 51.0342
24 16 40.2686
24 20 35.5791
24 21 21.9978
24 22 1.2337
24 23 40.5449
25 0 48.9098
25 1 40.6746
25 2 15.6645
25 5 48.0156
25 7 53.3182
25 8 36.0637
25 11 33.5045
25 13 47.5742
25 15 13.8612
25 20 55.6815
25 21 42.1741
25 22 6.2766
25 23 16.4141
25 24 53.8497
26 1 43.7392
26 2 54.8947
26 5 19.1417
26 6 42.3015
26 9 43.9192
26 12 50.2809
26 13 58.8871
26 14 43.1161
26 15 49.3937
26 16 39.7325
26 19 33.3379
26 20 57.8716
26 21 43.6426
26 23 13.2884
26 24 58.6084
27 0 19.5201
27 1 51.8448
27 2 35.0571
27 7 38.9298
27 10 1.6421
27 11 32.3056
27 12 37.7188
27 13 58.8514
27 15 13.9823
27 16 13.1583
27 17 1.5826
27 21 40.7974
27 22 26.1013
27 23 38.8566
27 25 25.0198
28 0 14.2566
28 1 11.6985
28 2 48.2103
28 3 29.7041
28 5 54.7100
28 6 41.8315
28 12 38.8829
28 13 40.2965
28 15 48.2840
28 19 54.1141
28 20 6.9295
28 24 42.8454
28 26 1.8957
29 0 44.4531
29 2 38.8488
29 5 32.8027
29 6 53.4555
29 9 2.6690
29 13 32.6891
29 14 16.0430
29 15 31.8006
29 16 43.7219
29 17 11.3023
29 18 43.5826
29 19 46.8280
29 24 54.9795
29 25 32.4611
30 0 18.6793
30 1 40.1875
30 6 42.7722
30 7 15.1821
30 8 20.8900
30 9 14.1420
30 11 19.3896
30 12 11.2948
30 13 39.1709
30 19 17.8780
30 20 28.8814
30 22 20.7209
30 24 30.8607
30 25 54.6039
30 26 56.0162
30 27 43.7358
31 1 4.8462
31 7 8.5027
31 10 25.0374
31 11 29.8837
31 12 54.5534
31 13 25.8468
31 17 30.9450
31 18 12.9212
31 27 46.6813
31 28 41.0510
31 30 52.2644
32 0 42.9996
32 2 12.0116
32 3 44.2822
32 4 13.0019
32 5 38.6742
32 7 35.5468
32 8 29.1022
32 9 23.7141
32 13 1.4013
32 14 8.8725
32 16 51.3509
32 17 12.5509
32 18 45.6480
32 20 13.1896
32 22 15.4156
32 24 23.7738
32 25 52.2164
32 26 17.2436
32 27 27.0946
32 30 33.5840
32 31 12.3936
33 0 16.4077
33 1 4.7447
33 6 14.8564
33 7 13.4912
33 8 26.6431
33 10 46.5440
33 11 26.8107
33 12 1.4591
33 14 12.4744
33 15 34.1162
33 17 51.4708
33 19 8.7370
33 21 28.3849
33 23 32.6657
33 24 33.6203
33 28 19.8425
33 30 56.6105
33 31 28.1412
33 32 6.3737
34 1 43.1490
34 3 2.9121
34 5 47.4713
34 6 52.4718
34 8 16.8138
34 11 25.9083
34 12 56.2628
34 15 17.3474
34 16 9.0919
34 17 1.0072
34 19 16.9873
34 20 13.1659
34 22 3.4850
34 23 40.1160
34 24 4.6007
34 25 31.0364
34 26 7.7514
34 30 33.5715
34 32 54.4679
34 33 29.6813
35 3 6.3776
35 4 5.0392
35 5 31.1693
35 8 44.5984
35 9 11.2714
35 10 50.9653
35 11 23.5104
35 14 1.9823
35 15 4.9653
35 16 29.0215
35 18 54.3543
35 21 28.8515
35 22 47.8670
35 25 32.3387
35 29 45.7877
35 32 28.1277
35 33 14.2929
36 0 57.7906
36 1 13.6545
36 2 14.9835
36 3 26.3084
36 4 34.1584
36 7 2.4994
36 9 55.9759
36 10 6.7494
36 11 47.7770
36 12 35.6313
36 13 39.1287
36 15 21.6322
36 16 3.4652
36 18 46.2590
36 20 53.1305
36 22 44.8516
36 23 17.9179
36 25 45.7647
36 26 34.4190
36 28 18.0108
36 30 48.1457
36 31 52.5162
36 33 16.3101
36 34 22.7523
37 0 3.6731
37 2 51.3720
37 3 14.1622
37 4 31.4380
37 5 19.8550
37 6 3.5987
37 8 15.4230
37 11 18.4175
37 12 33.5057
37 13 41.3018
37 15 52.9015
37 18 37.8630
37 19 53.4398
37 20 49.5145
37 24 19.5271
37 27 5.7036
37 28 46.6552
37 29 13.4625
37 30 40.5479
37 35 55.3420
37 36 39.2469
38 1 20.9877
38 6 52.2639
38 11 8.8272
38 14 54.7953
38 20 40.2214
38 22 6.1708
38 23 52.8823
38 32 40.8215
38 33 6.8310
38 35 38.9753
38 37 41.8646
39 1 35.7023
39 2 30.9764
39 5 18.5793
39 6 19.0786
39 9 53.1859
39 11 33.7767
39 13 31.2326
39 16 54.5374
39 17 42.7940
39 19 51.4916
39 21 48.0312
39 23 48.3049
39 25 53.7952
39 27 33.7694
39 28 12.8500
39 29 10.7931
39 30 4.3732
39 31 32.4444
39 32 52.9239
39 35 32.2184
39 36 39.9336
39 37 12.3276
39 38 51.3856
40 0 11.3775
40 2 1.9727
40 6 7.8073
40 7 18.1071
40 11 22.3857
40 12 30.9516
40 13 49.9363
40 15 27.6143
40 17 40.5238
40 18 31.4547
40 20 6.1220
40 21 5.0863
40 23 40.9640
40 24 28.2213
40 25 23.3199
40 30 32.2944
40 33 34.0529
40 35 24.5610
40 36 29.1254
40 37 40.1940
41 3 53.4355
41 6 7.1967
41 8 11.9466
41 10 28.5099
41 11 45.0037
41 15 51.9265
41 17 28.9339
41 20 20.6875
41 21 43.7932
41 23 36.5207
41 24 33.9713
41 26 12.3244
41 27 23.7324
41 30 54.1902
41 31 25.5005
41 33 14.6746
41 35 29.2689
41 36 12.1224
41 38 35.2088
41 39 4.9588
42 0 7.9933
42 1 41.6510
42 2 34.9172
42 3 48.9971
42 4 30.6966
42 5 35.1423
42 6 2.2368
42 8 26.8894
42 9 21.0555
42 11 36.3033
42 13 24.8149
42 14 26.0617
42 15 47.0684
42 16 38.7134
42 19 59.1700
42 22 8.9106
42 24 52.8058
42 26 16.7578
42 29 6.5524
42 30 26.9832
42 31 2.3115
42 34 58.4597
42 36 59.0086
42 37 55.3230
42 41 1.6369
43 0 37.3897
43 1 17.8408
43 7 20.7980
43 8 57.9574
43 10 23.7545
43 12 41.8298
43 17 33.4285
43 19 5.3309
43 22 35.1833
43 23 4.4980
43 24 8.7520
43 25 43.9216
43 27 1.3891
43 28 19.3786
43 29 12.2939
43 30 52.6965
43 31 57.5272
43 32 13.5260
43 33 53.2379
43 38 42.7715
43 41 32.7209
43 42 14.1865
44 0 42.4955
44 1 26.0535
44 2 42.8776
44 3 55.8001
44 5 24.6468
44 6 31.3916
44 7 57.7529
44 8 46.0804
44 10 21.2048
44 11 9.2122
44 14 54.4625
44 16 11.7874
44 17 33.0738
44 19 26.0554
44 31 27.9196
44 33 46.6056
44 34 42.0258
44 36 18.9457
44 39 24.7079
44 40 8.4961
44 41 24.8198
44 42 59.6963
44 43 25.3453
45 0 19.9705
45 2 13.4120
45 7 37.8926
45 8 17.2863
45 13 3.4003
45 14 14.6403
45 16 6.1659
45 19 2.3429
45 21 20.0504
45 26 35.4680
45 27 30.0826
45 30 38.7093
45 32 59.0916
45 35 55.1522
45 38 11.4493
45 41 19.0120
45 44 51.6885
46 0 19.0623
46 1 57.2695
46 2 23.2805
46 3 12.6531
46 4 29.9145
46 5 14.1115
46 6 36.0258
46 9 24.2789
46 11 12.7707
46 12 42.3598
46 15 33.3230
46 17 58.5520
46 21 17.0211
46 25 48.7919
46 27 23.6917
46 28 47.4277
46 29 52.0839
46 30 46.7480
46 31 54.9764
46 32 53.6347
46 33 38.9943
46 35 4.0814
46 38 56.4215
46 43 49.6730
46 44 21.8402
47 1 3.6722
47 2 3.2637
47 4 27.3352
47 5 37.2881
47 6 13.5446
47 7 39.0766
47 8 9.2623
47 9 46.7327
47 10 40.3005
47 12 7.4441
47 18 7.5401
47 19 49.1427
47 21 58.5158
47 22 47.0003
47 23 4.7404
47 24 13.3330
47 27 22.6711
47 29 50.6521
47 32 6.5299
47 33 57.5223
47 34 28.0416
47 38 38.5184
47 39 11.3410
47 40 44.1384
47 41 5.6721
47 43 5.1525
47 45 24.5245
47 46 55.3444
48 0 6.2056
48 1 40.1741
48 3 38.0897
48 5 35.4825
48 6 51.8836
48 8 9.4308
48 9 54.9683
48 11 38.3957
48 13 16.0589
48 15 55.1066
48 19 4.2906
48 21 29.2970
48 24 21.5230
48 26 31.5162
48 30 55.2526
48 33 26.4002
48 41 23.5037
48 42 39.8179
48 46 46.3747
48 47 40.6186
49 0 7.9489
49 2 27.7733
49 3 36.0059
49 5 41.3591
49 6 42.6850
49 10 19.8186
49 11 58.9659
49 12 26.9521
49 13 3.4906
49 14 35.1493
49 15 11.7208
49 19 59.2419
49 20 33.3815
49 21 46.0636
49 25 42.9180
49 26 57.3688
49 27 22.0584
49 28 39.6102
49 29 8.9108
49 30 22.3980
49 32 23.2009
49 33 52.2690
49 35 46.0713
49 36 29.6663
49 37 28.3058
49 38 37.1216
49 40 24.4591
49 42 53.2011
49 43 41.9187
49 44 1.7423
49 45 55.8144
49 46 12.6916
49 48 52.0981
50 0 30.3049
50 2 47.3244
50 4 38.6771
50 5 21.6838
50 6 39.7967
50 9 48.2050
50 12 35.0850
50 15 32.1504
50 16 1.1579
50 18 51.9575
50 20 20.7358
50 21 20.7434
50 22 15.3312
50 23 29.5179
50 24 45.2803
50 25 48.6700
50 27 22.7065
50 28 38.5404
50 29 42.7498
50 30 10.6552
50 31 25.8526
50 33 57.6761
50 34 12.8828
50 35 34.0321
50 38 16.1983
50 42 42.3819
50 44 2.3038
50 46 7.1798
50 47 33.5732
50 49 47.7769
51 3 6.8423
51 4 18.4817
51 5 18.8098
51 7 46.4016
51 9 36.9220
51 10 25.8837
51 13 34.6093
51 14 23.5982
51 15 22.3118
51 16 56.0008
51 17 36.4824
51 21 5.1116
51 22 4.1835
51 23 33.5455
51 24 52.2715
51 27 36.8353
51 28 39.1645
51 29 22.9660
51 31 19.5004
51 33 33.5516
51 37 13.8118
51 38 53.2849
51 39 22.3525
51 42 37.0841
51 45 57.2167
51 47 43.7812
51 49 12.5793
52 0 6.2507
52 2 23.6434
52 3 17.9252
52 5 59.9601
52 6 38.3788
52 7 4.8686
52 9 58.2300
52 10 4.1502
52 12 28.7364
52 14 29.1608
52 15 6.3623
52 16 9.6328
52 20 25.5690
52 25 9.7859
52 26 11.5593
52 29 41.7210
52 30 19.5231
52 31 8.2365
52 34 19.7228
52 35 39.6355
52 36 5.8518
52 37 29.6971
52 41 51.6940
52 45 7.0255
52 46 4.2341
52 48 14.2466
52 49 13.7738
52 50 20.6539
52 51 17.6372
53 1 14.5226
53 2 32.7060
53 3 29.2052
53 4 13.7152
53 5 6.2380
53 6 4.8971
53 9 34.8221
53 10 7.9879
53 11 56.9662
53 13 23.6381
53 17 17.0498
53 22 12.0596
53 23 11.4884
53 25 29.2558
53 29 19.8177
53 30 38.5409
53 31 39.7085
53 38 56.7160
53 39 18.8644
53 40 1.4695
53 41 3.1702
53 43 40.0346
53 47 32.6325
53 48 54.8969
53 49 36.7415
53 52 44.1423
54 3 7.7128
54 4 38.4544
54 5 28.1382
54 8 7.3774
54 9 4.6028
54 10 4.9628
54 11 12.4474
54 13 48.5865
54 14 5.1655
54 15 2.1247
54 16 28.2042
54 17 57.2399
54 22 44.3032
54 27 22.4084
54 30 55.2613
54 34 53.9783
54 35 32.2898
54 36 29.9858
54 37 11.4037
54 39 21.4429
54 41 42.6103
55 0 42.9480
55 1 6.0650
55 5 43.8314
55 6 32.3235
55 7 27.0547
55 8 36.8334
55 9 17.2682
55 14 35.9176
55 16 21.4500
55 18 51.9119
55 19 51.3418
55 20 16.5339
55 21 49.9879
55 23 40.2876
55 26 41.7517
55 30 55.4160
55 31 31.4006
55 32 28.9858
55 34 57.4580
55 35 46.2044
55 36 3.5632
55 37 14.7248
55 39 6.9824
55 42 8.2261
55 45 57.8836
55 49 22.1607
55 50 52.5772
56 0 18.3214
56 1 31.1436
56 2 41.0768
56 4 58.8296
56 6 58.6448
56 7 31.0550
56 11 55.4524
56 13 14.6544
56 15 51.0485
56 16 58.1921
56 17 24.2418
56 19 1.8962
56 20 25.9818
56 25 49.2589
56 26 34.8984
56 28 8.2424
56 29 16.1969
56 31 21.5212
56 33 28.1687
56 35 56.9523
56 36 51.4457
56 37 47.5493
56 41 53.7547
56 42 9.1827
56 43 3.5473
56 44 3.8134
56 47 8.7687
56 48 38.4274
56 49 24.2357
56 51 12.6545
56 52 54.3866
56 53 17.6538
56 54 12.8798
57 0 57.2355
57 2 57.8292
57 5 11.3946
57 7 44.8088
57 9 25.4044
57 11 33.0720
57 12 43.1681
57 15 26.1406
57 18 50.9835
57 19 34.3214
57 20 44.1496
57 21 48.9023
57 26 34.3890
57 27 8.4725
57 29 52.8545
57 32 19.0720
57 33 21.5886
57 34 50.6523
57 35 53.1367
57 36 29.0253
57 40 36.7644
57 41 30.3662
57 43 36.4771
57 45 25.1681
57 48 5.1487
57 53 51.8224
57 54 17.6287
58 0 6.2409
58 1 34.6666
58 3 39.7560
58 4 4.9495
58 7 31.2559
58 11 5.2031
58 14 15.3221
58 16 22.9746
58 17 55.3126
58 19 24.5826
58 21 57.1331
58 22 18.3771
58 23 50.9595
58 24 16.7007
58 27 18.6740
58 35 3.9200
58 36 18.1484
58 37 3.9696
58 38 25.3651
58 39 32.0018
58 40 20.0115
58 44 26.4528
58 45 2.0010
58 49 7.4875
58 50 48.2880
58 51 37.7843
58 53 35.6858
58 56 50.9676
59 2 52.3460
59 3 43.9893
59 11 3.5537
59 14 33.0767
59 16 29.4083
59 19 24.9829
59 21 46.1275
59 22 11.5752
59 24 40.3103
59 26 14.3602
59 31 55.9829
59 32 8.5789
59 35 11.0522
59 36 57.1167
59 37 59.1151
59 39 59.8662
59 40 55.3999
59 45 55.3253
59 46 32.8837
59 47 13.0366
59 48 43.7629
59 49 34.8270
59 50 20.6194
59 51 18.9219
59 52 9.5067
59 53 19.4428
59 55 14.3384
59 56 53.8048
59 57 29.2880
59 58 48.2130
60 0 15.5010
60 4 23.2035
60 5 11.7904
60 7 58.1246
60 9 27.1761
60 10 21.2793
60 11 6.5038
60 13 16.9033
60 14 18.5143
60 15 26.9751
60 16 28.3247
60 19 33.7740
60 20 13.1853
60 21 36.1022
60 22 37.4104
60 25 56.9253
60 26 3.5338
60 27 36.6373
60 28 6.8921
60 31 40.7277
60 34 49.2387
60 36 17.4628
60 37 45.9978
60 41 4.1037
60 42 27.3783
60 45 7.0620
60 46 36.7778
60 47 51.7955
60 49 16.4356
60 52 24.3447
60 53 33.7705
60 54 24.8850
60 58 41.0881
60 59 19.3317
61 0 2.6619
61 6 28.2486
61 8 19.0721
61 10 19.3112
61 11 6.7107
61 14 22.6456
61 16 26.4288
61 17 57.5905
61 18 32.0287
61 21 57.6671
61 22 30.5278
61 23 23.0957
61 25 6.9382
61 26 20.0081
61 27 36.4825
61 28 46.8368
61 29 21.6522
61 31 29.3890
61 33 50.7008
61 35 19.9741
61 36 42.4154
61 39 7.4029
61 42 23.0683
61 43 16.0008
61 49 57.8042
61 50 35.7146
61 51 39.1233
61 52 39.2039
61 53 59.4044
61 57 45.6844
62 0 27.1472
62 1 46.3014
62 2 26.7245
62 3 17.0187
62 4 16.3883
62 8 43.4127
62 13 35.2914
62 14 35.3477
62 16 30.3295
62 17 45.8307
62 18 10.6353
62 21 32.5953
62 22 49.4142
62 24 6.6667
62 29 44.2897
62 34 14.7041
62 35 15.3695
62 38 33.1426
62 39 13.2740
62 40 9.9936
62 43 45.9519
62 44 48.3353
62 45 54.0808
62 47 3.5950
62 48 15.4994
62 49 31.6260
62 50 21.7541
62 57 11.0639
62 59 55.8943
62 61 38.7573
63 3 50.6092
63 5 2.6265
63 6 56.6033
63 7 49.4441
63 8 11.0983
63 9 23.5339
63 13 34.7723
63 14 10.3830
63 15 44.7375
63 20 51.2157
63 23 33.1052
63 24 59.3744
63 26 34.5336
63 27 1.4938
63 28 15.9342
63 31 16.1516
63 33 55.7159
63 35 55.4434
63 37 25.1101
63 41 30.6167
63 42 24.5682
63 44 54.2719
63 48 7.4589
63 51 37.2947
63 53 50.0976
63 56 27.3249
63 57 15.7153
63 58 37.5321
63 59 55.0223
63 61 28.0476
63 62 58.6854
64 3 26.5226
64 4 40.3596
64 8 55.3146
64 10 25.6709
64 11 22.1513
64 12 7.3800
64 16 50.3719
64 24 2.8552
64 25 4.9857
64 27 45.0646
64 31 18.1151
64 32 18.9201
64 33 51.1638
64 34 8.6112
64 35 54.0063
64 38 59.5587
64 39 45.1338
64 41 45.2781
64 44 9.7502
64 45 29.6685
64 48 48.2945
64 49 4.1765
64 50 50.3959
64 52 12.4231
64 53 41.3623
64 55 16.7495
64 56 42.6153
64 58 48.4489
64 59 23.0502
64 61 12.0833
64 63 33.9557
65 0 5.0255
65 1 25.6292
65 2 52.2285
65 4 47.0131
65 5 48.4546
65 7 17.6891
65 8 5.0799
65 10 55.6321
65 12 49.5809
65 13 9.4403
65 15 16.7317
65 16 12.3414
65 20 26.9548
65 24 44.9258
65 25 43.5089
65 26 30.8982
65 29 47.8827
65 32 4.7317
65 33 51.4397
65 35 4.0272
65 37 55.1766
65 38 13.4259
65 39 41.8698
65 42 36.4791
65 43 19.2783
65 45 31.1378
65 46 14.3095
65 48 49.6518
65 49 58.7145
65 52 18.3031
65 57 36.3000
65 58 35.9055
65 60 25.8824
65 61 20.6744
65 64 38.8339
66 0 12.5824
66 2 3.2843
66 6 48.3961
66 8 27.6267
66 9 51.5357
66 11 42.1008
66 12 20.3728
66 14 10.3402
66 15 10.4000
66 16 51.8614
66 17 16.6967
66 19 3.1357
66 20 8.5785
66 22 31.5515
66 23 3.8327
66 24 55.9515
66 26 37.6454
66 30 18.6172
66 31 53.7735
66 32 5.4838
66 34 17.4196
66 36 3.4660
66 37 59.9648
66 39 11.6266
66 41 5.5255
66 42 52.3493
66 46 4.4833
66 47 44.6475
66 50 40.2508
66 56 46.5767
66 58 38.4909
66 59 26.3749
66 61 54.2869
66 62 33.5859
66 63 49.5823
67 3 9.3370
67 4 4.3517
67 5 13.5861
67 6 31.1675
67 7 21.1843
67 11 35.3531
67 12 24.9413
67 15 29.7650
67 16 50.9488
67 19 40.7389
67 22 57.4974
67 23 41.3933
67 26 45.2748
67 27 11.5532
67 28 15.0154
67 30 5.2900
67 31 28.9921
67 34 35.3363
67 35 1.3872
67 39 22.7652
67 40 35.9385
67 41 19.6574
67 42 25.3081
67 44 57.8690
67 47 18.9876
67 50 19.9106
67 52 59.4171
67 55 57.9028
67 57 33.0490
67 62 41.7027
67 63 13.9581
67 64 32.4205
67 65 11.3415
68 0 29.0204
68 2 27.2412
68 4 59.6513
68 6 30.6337
68 7 52.3032
68 8 26.1996
68 11 24.0533
68 13 44.3985
68 16 10.1113
68 18 48.2826
68 21 1.8538
68 23 53.9908
68 24 3.9171
68 25 34.8923
68 28 30.4745
68 29 45.3064
68 30 19.4070
68 31 45.2099
68 33 43.3471
68 35 49.8482
68 36 52.9918
68 37 49.4045
68 39 14.3892
68 41 30.8111
68 42 28.5748
68 43 54.4065
68 46 17.3509
68 47 30.1241
68 60 11.0593
68 65 42.9747
68 67 52.1486
69 2 32.5258
69 5 53.9564
69 6 1.1838
69 7 55.7162
69 8 53.7829
69 9 59.6772
69 10 14.8398
69 12 4.5226
69 13 10.1938
69 16 37.1959
69 18 26.0455
69 19 29.4697
69 21 41.2458
69 22 57.3868
69 23 19.6035
69 25 30.4958
69 26 27.7668
69 30 52.5930
69 31 14.3981
69 32 10.0090
69 36 38.7427
69 38 35.9403
69 41 41.7371
69 42 23.5309
69 43 15.7930
69 46 38.9748
69 47 10.1297
69 51 16.1832
69 57 4.5639
69 58 47.7922
69 61 6.5787
69 62 18.8983
69 63 55.5912
69 65 20.0766
69 66 25.6987
69 67 6.3307
70 1 57.8012
70 2 8.2543
70 4 15.4066
70 6 4.2848
70 9 8.1150
70 14 42.0805
70 16 48.6293
70 18 48.8767
70 19 48.6691
70 24 21.7429
70 25 1.9538
70 27 49.7526
70 28 43.3857
70 30 50.8551
70 32 50.7471
70 35 8.3323
70 36 58.5468
70 41 58.6217
70 42 42.1947
70 43 17.1235
70 46 54.4091
70 47 41.7943
70 48 16.6550
70 53 28.0730
70 54 5.8476
70 55 5.4199
70 56 34.5786
70 61 33.2211
70 62 54.1038
70 66 41.6194
70 69 13.3182
71 2 38.2062
71 4 48.0831
71 5 8.4912
71 7 41.2267
71 9 58.2577
71 12 22.9586
71 14 53.2656
71 16 47.4216
71 17 23.9188
71 18 20.1965
71 19 30.1736
71 20 46.1856
71 22 27.9889
71 23 47.4752
71 24 39.9023
71 25 13.0184
71 26 46.2923
71 29 2.4126
71 30 23.7193
71 32 40.4015
71 34 26.2887
71 36 40.3397
71 37 55.5826
71 38 35.6348
71 39 26.5223
71 40 3.7838
71 42 40.8429
71 43 8.5587
71 47 53.2050
71 51 16.5381
71 52 13.9116
71 54 42.1017
71 55 1.7903
71 56 59.5051
71 57 5.0902
71 60 16.0880
71 61 12.8844
71 63 49.8610
71 65 52.9853
71 69 30.3928
72 0 4.1044
72 3 28.3052
72 9 31.2940
72 10 42.7475
72 11 8.9939
72 14 1.8303
72 15 50.4292
72 16 23.0013
72 20 50.9628
72 23 29.3500
72 25 52.6979
72 26 40.3364
72 27 15.6420
72 28 17.4421
72 31 46.5442
72 35 24.2875
72 36 13.6728
72 38 13.3516
72 43 38.5854
72 44 50.5944
72 46 36.2895
72 47 55.7792
72 48 50.9396
72 50 8.9118
72 51 36.3620
72 52 33.4170
72 54 24.6398
72 56 28.2724
72 57 47.2779
72 58 13.5667
72 61 18.9782
72 68 28.6815
73 0 53.7995
73 1 1.0007
73 3 16.4326
73 5 7.9181
73 6 42.3825
73 9 27.9212
73 12 35.8275
73 14 18.6257
73 15 2.4351
73 17 45.4527
73 19 3.5509
73 25 51.2284
73 27 38.0155
73 30 19.9463
73 31 8.6458
73 33 8.5996
73 34 36.7232
73 35 30.0367
73 36 21.4402
73 43 46.2980
73 47 49.5586
73 49 45.8214
73 50 50.6554
73 52 34.8861
73 53 20.8207
73 54 58.9775
73 55 44.5922
73 59 32.8122
73 60 42.3594
73 64 45.8321
73 68 36.9498
73 69 21.8092
73 70 56.8837
73 71 41.3867
73 72 3.3992
74 3 2.0597
74 5 3.8525
74 8 8.3482
74 9 58.1787
74 10 43.2929
74 12 43.0032
74 14 54.0232
74 15 38.1842
74 20 17.7826
74 21 50.0649
74 24 52.3501
74 26 3.2267
74 27 38.5329
74 33 28.5452
74 34 8.6816
74 35 43.5426
74 36 5.2617
74 37 55.4021
74 38 9.4609
74 39 11.2272
74 40 51.9493
74 42 47.7552
74 43 2.5036
74 45 29.3589
74 47 3.6795
74 48 33.1024
74 49 4.9486
74 50 42.1268
74 51 39.5410
74 52 34.7618
74 55 34.6739
74 57 25.6002
74 58 6.3856
74 60 23.1231
74 62 24.0491
74 68 49.2139
74 71 29.2322
74 72 5.2044
74 73 19.2813
75 6 20.1341
75 8 9.1155
75 15 27.6684
75 16 13.8354
75 19 12.1189
75 21 34.2643
75 22 14.4814
75 23 6.0271
75 24 45.3551
75 26 44.6781
75 28 25.3203
75 34 11.0915
75 37 17.4386
75 38 3.4623
75 39 38.5701
75 40 31.7514
75 41 7.1693
75 42 8.6403
75 45 34.8038
75 46 40.9720
75 47 6.0698
75 48 17.5180
75 50 41.7685
75 52 33.1139
75 53 47.4136
75 54 2.8200
75 64 58.0299
75 65 4.3783
75 66 44.8351
75 67 8.2780
75 70 25.1619
75 71 12.0022
75 72 38.1139
75 74 6.5148
76 0 19.6458
76 1 5.4195
76 8 59.7522
76 9 17.8196
76 10 41.9833
76 12 12.6532
76 16 57.7425
76 17 9.0280
76 21 5.2449
76 22 52.5985
76 23 13.3558
76 26 35.0241
76 27 9.3184
76 28 38.2852
76 30 5.9621
76 31 5.4101
76 36 11.9337
76 41 56.5813
76 45 4.4176
76 46 2.5097
76 48 55.3546
76 50 22.6333
76 51 12.5842
76 54 58.2423
76 55 57.8801
76 56 39.9616
76 57 47.7552
76 58 34.9054
76 60 23.2546
76 62 14.4494
76 63 46.3881
76 64 59.0327
76 67 2.2046
76 68 47.8969
76 71 44.1852
76 73 52.6697
77 0 27.1074
77 2 56.1387
77 4 27.8354
77 5 59.9603
77 7 1.3495
77 11 16.3070
77 12 43.1283
77 15 51.7652
77 16 46.9943
77 17 59.4260
77 21 8.7672
77 22 24.0283
77 23 53.2566
77 24 5.1619
77 25 41.6384
77 26 29.7788
77 28 35.4020
77 29 20.5915
77 30 52.9894
77 32 8.2085
77 33 36.1572
77 36 47.6361
77 40 1.4404
77 42 6.2131
77 43 28.4710
77 44 1.1869
77 46 13.4338
77 49 29.0564
77 51 17.2162
77 52 8.0465
77 55 13.5388
77 58 42.0239
77 59 19.7660
77 63 5.5951
77 64 40.0117
77 65 32.8141
77 67 43.0376
77 69 56.7328
77 70 58.6365
77 72 22.7444
77 73 53.6656
77 74 25.6252
77 75 16.6433
78 0 56.8761
78 5 2.9089
78 6 19.2891
78 7 12.2305
78 9 30.7474
78 12 46.2623
78 15 24.3471
78 17 39.3618
78 18 12.9622
78 19 15.1625
78 21 55.0845
78 22 33.3007
78 26 10.1630
78 33 38.4050
78 35 49.8423
78 37 45.3841
78 39 19.8025
78 41 41.5490
78 43 21.5502
78 44 8.7531
78 48 12.3775
78 50 44.2134
78 52 55.2793
78 56 43.4646
78 58 14.9104
78 64 42.3383
78 65 34.4228
78 67 22.7628
78 69 10.7099
78 70 26.9509
78 72 43.0236
78 74 22.5890
78 76 34.8370
79 2 41.0452
79 4 31.5339
79 5 38.2435
79 7 18.5488
79 9 24.3009
79 10 46.5598
79 12 52.4234
79 14 32.9620
79 16 47.0572
79 17 2.5837
79 20 23.2053
79 22 22.0847
79 23 45.7040
79 24 22.2896
79 25 7.2438
79 26 4.9063
79 27 11.7274
79 31 44.7108
79 36 28.8716
79 37 58.6307
79 38 17.4003
79 42 45.3524
79 44 53.7614
79 45 29.3972
79 47 31.5024
79 49 30.3787
79 50 1.0435
79 54 48.7506
79 55 9.0532
79 57 21.1089
79 58 14.3359
79 59 15.3782
79 60 38.8824
79 61 46.2508
79 62 8.6011
79 65 57.9467
79 66 39.7257
79 67 41.9436
79 71 2.3054
79 72 7.8837
79 73 51.8526
79 74 47.4152
79 77 56.5696
80 3 17.2161
80 4 52.2412
80 5 51.2357
80 8 39.1280
80 9 13.0111
80 10 36.2773
80 11 15.4575
80 14 33.2379
80 15 30.9525
80 16 21.4896
80 17 26.6906
80 18 21.2895
80 19 20.4862
80 21 26.4617
80 22 21.5992
80 23 10.5237
80 24 16.6258
80 25 5.4059
80 26 20.0236
80 29 36.9611
80 30 46.7332
80 32 3.8923
80 33 9.2172
80 34 40.7014
80 35 17.5921
80 39 4.2146
80 40 53.8138
80 42 9.1106
80 43 17.7622
80 44 38.0623
80 48 15.3049
80 54 31.7056
80 55 11.8370
80 58 40.1538
80 60 25.8907
80 61 45.3440
80 64 45.3314
80 65 59.2663
80 67 49.3054
80 68 46.3452
80 71 10.1262
80 75 22.3663
80 76 59.2741
80 79 52.0319
81 0 54.4596
81 3 14.9549
81 4 38.9826
81 6 47.0168
81 9 10.7677
81 11 16.5094
81 12 7.8585
81 13 51.5459
81 16 36.3053
81 17 34.0944
81 18 52.9418
81 20 59.0742
81 22 3.2844
81 23 58.8010
81 25 32.0394
81 27 18.0256
81 30 11.0677
81 32 37.0606
81 33 49.5079
81 34 48.5190
81 35 58.3080
81 38 41.6141
81 39 41.7177
81 40 20.8412
81 42 35.2757
81 43 33.0404
81 45 15.0667
81 47 47.5482
81 48 29.8082
81 49 53.9979
81 52 26.8707
81 54 56.9503
81 55 3.6359
81 58 45.6974
81 60 15.8669
81 61 14.1489
81 62 34.5237
81 64 19.0873
81 66 4.6027
81 67 58.1964
81 69 42.6201
81 70 10.2913
81 71 39.4293
81 72 13.2579
81 73 32.8726
81 74 58.3685
81 76 40.6096
81 78 46.0743
81 79 57.0067
82 0 45.2116
82 1 25.4968
82 2 11.2869
82 3 13.6592
82 4 24.5108
82 5 32.1121
82 6 25.6090
82 7 11.6715
82 9 9.5753
82 11 40.2674
82 12 38.0123
82 14 30.9847
82 17 19.5543
82 19 50.4687
82 20 28.8845
82 21 5.0803
82 25 21.1580
82 27 47.3458
82 32 42.8831
82 36 59.8995
82 37 9.5596
82 41 21.4194
82 45 14.0727
82 47 34.8173
82 49 40.6460
82 50 30.8127
82 52 11.8123
82 53 13.8546
82 55 19.6847
82 56 8.4386
82 58 8.0112
82 60 30.9769
82 62 34.2094
82 65 50.6508
82 66 31.5797
82 67 30.0700
82 68 46.3589
82 69 5.1974
82 72 25.7985
82 73 30.1398
82 74 6.4824
82 75 24.8897
82 76 10.6662
82 77 46.2695
82 80 44.3001
83 0 29.2543
83 2 46.6275
83 4 12.4627
83 5 51.8138
83 6 16.1449
83 11 47.5500
83 14 25.3080
83 15 50.5275
83 18 32.5982
83 19 19.1097
83 20 41.3566
83 21 23.7913
83 24 8.2461
83 26 23.7097
83 27 56.1207
83 29 53.6007
83 30 45.1509
83 33 10.6909
83 39 32.2912
83 41 3.3592
83 42 11.9165
83 43 26.7692
83 44 48.1330
83 46 8.8908
83 47 56.7375
83 48 56.8389
83 49 23.3228
83 54 48.0364
83 56 11.9587
83 58 38.9152
83 59 34.0731
83 61 19.3238
83 62 42.1659
83 63 32.1064
83 66 14.2427
83 67 5.4744
83 69 13.1153
83 72 1.3862
83 76 5.7637
83 77 13.0374
83 79 50.1187
83 81 19.3962
84 0 41.9638
84 7 36.9012
84 8 37.9091
84 10 15.4851
84 11 7.4986
84 14 46.1360
84 16 17.3701
84 17 21.5959
84 21 22.8514
84 22 49.3507
84 23 19.7934
84 24 24.0961
84 25 24.4079
84 27 19.8427
84 29 33.2760
84 31 50.4492
84 32 42.2540
84 33 14.4226
84 35 6.2430
84 36 19.4873
84 40 32.9357
84 45 10.2789
84 46 44.3709
84 48 39.7526
84 49 21.0847
84 51 32.2073
84 56 17.2064
84 60 42.0015
84 61 8.1690
84 62 15.2879
84 66 7.3866
84 67 6.3011
84 69 9.6433
84 73 2.7582
84 75 35.6064
84 77 7.9453
84 78 27.8718
84 79 12.6681
84 80 30.0331
84 82 42.6271
85 0 4.5304
85 4 3.2749
85 6 48.9699
85 7 56.1942
85 9 58.1911
85 10 27.8948
85 13 24.6576
85 17 58.2763
85 18 21.7616
85 19 27.6905
85 20 16.7872
85 21 30.3804
85 23 35.7258
85 26 1.0935
85 28 46.7980
85 29 36.2708
85 30 57.5868
85 31 59.4866
85 32 53.5780
85 33 50.9777
85 35 15.6648
85 36 29.7054
85 37 55.9861
85 38 13.9280
85 45 15.7712
85 47 7.1520
85 48 8.8089
85 49 9.8520
85 50 46.5489
85 51 28.5824
85 53 26.8937
85 55 38.5829
85 56 57.9943
85 60 19.7106
85 61 40.0433
85 62 18.1345
85 64 55.4266
85 65 52.2774
85 68 48.2226
85 71 26.2648
85 73 52.6259
85 74 4.7150
85 76 32.5983
85 77 29.2157
85 78 47.5219
85 79 12.3471
85 81 46.8793
85 84 53.1912
86 1 55.3305
86 2 40.6499
86 3 17.0271
86 4 49.9645
86 6 16.5731
86 10 4.9430
86 11 1.0216
86 13 49.5484
86 15 18.2539
86 16 20.1412
86 17 2.2172
86 18 56.2498
86 19 2.0293
86 21 7.0823
86 24 32.2840
86 27 53.5728
86 28 29.3586
86 30 34.9803
86 35 43.8331
86 36 31.5087
86 37 39.3275
86 39 12.9002
86 40 21.6230
86 44 7.7062
86 46 54.6764
86 47 54.9952
86 48 58.9558
86 53 24.7615
86 54 41.7627
86 55 45.3509
86 56 47.7058
86 63 58.4122
86 65 21.1060
86 66 43.3723
86 68 32.3648
86 69 39.2461
86 73 50.7752
86 74 30.5274
86 75 16.8593
86 76 48.3432
86 78 39.3392
86 79 9.5309
86 80 21.2783
86 82 12.0017
86 83 38.3721
86 84 37.0594
86 85 28.0564
87 1 22.5066
87 2 30.8885
87 3 56.8520
87 4 17.8487
87 5 50.6335
87 6 43.5818
87 7 57.4032
87 8 14.8732
87 9 5.8172
87 11 47.2982
87 12 20.4564
87 16 4.8380
87 17 47.1383
87 18 4.4827
87 19 40.8781
87 20 37.2023
87 25 3.7808
87 26 9.6400
87 27 25.9883
87 28 39.4920
87 31 13.6979
87 33 50.7483
87 34 56.5281
87 38 53.7185
87 39 24.8127
87 40 34.6919
87 42 47.9322
87 43 52.7544
87 45 34.9823
87 46 48.8994
87 48 44.0033
87 50 30.1993
87 52 3.9970
87 53 47.0924
87 54 37.6184
87 56 15.9902
87 58 22.5106
87 59 24.5041
87 61 54.5906
87 62 33.2033
87 63 45.5349
87 66 5.4322
87 69 6.4404
87 70 29.6633
87 71 39.3459
87 74 14.4122
87 75 35.0653
87 78 22.2575
87 79 54.1848
87 81 5.7653
87 84 42.1342
87 86 13.1076
88 0 50.1959
88 1 50.8193
88 4 27.0139
88 5 10.3376
88 11 12.7430
88 15 7.4389
88 21 32.8202
88 23 28.5179
88 24 8.9924
88 31 47.8876
88 32 20.3749
88 33 50.7282
88 34 13.7993
88 35 43.4649
88 36 11.2678
88 37 3.9933
88 39 52.6688
88 42 3.0493
88 44 43.2634
88 49 38.5026
88 51 22.0409
88 52 7.7737
88 53 48.6205
88 54 58.8203
88 55 30.2611
88 59 41.6196
88 60 18.2055
88 61 38.0699
88 64 17.9187
88 65 59.3419
88 66 21.2464
88 68 16.6979
88 72 53.2320
88 74 31.8515
88 76 11.0392
88 77 34.1373
88 79 16.6168
88 82 11.5592
88 84 54.5670
88 85 37.4666
89 4 39.7397
89 6 48.2765
89 7 57.1758
89 8 51.8334
89 9 54.5925
89 10 1.7635
89 13 40.0968
89 14 18.2630
89 15 27.9830
89 17 11.3450
89 19 47.5532
89 20 57.9979
89 22 53.2797
89 24 12.3985
89 25 37.2783
89 27 39.4818
89 28 2.2952
89 30 12.8867
89 32 44.3173
89 38 14.4240
89 40 54.3697
89 42 36.4255
89 43 4.6386
89 44 5.2909
89 45 30.6646
89 46 21.8046
89 49 7.9245
89 50 9.8033
89 53 11.9652
89 56 7.9732
89 58 14.0996
89 60 3.5590
89 62 31.8195
89 64 8.0853
89 65 7.0031
89 67 54.3231
89 68 8.3475
89 69 57.8063
89 73 43.3358
89 75 15.3710
89 76 32.3189
89 78 26.7276
89 79 2.6821
89 81 6.2403
89 84 53.5824
89 87 53.5344
89 88 38.0075
90 0 22.0899
90 1 25.2086
90 2 38.1594
90 5 44.7966
90 8 48.3155
90 9 22.9879
90 10 53.0910
90 11 41.4878
90 12 52.2963
90 13 56.4487
90 15 54.2455
90 18 1.1364
90 20 47.6599
90 23 4.7621
90 24 9.2554
90 25 10.2124
90 27 31.1271
90 28 24.8396
90 30 30.9816
90 32 27.4371
90 33 14.2381
90 34 1.8714
90 35 38.0363
90 36 59.4191
90 37 46.2231
90 38 51.3442
90 40 7.1507
90 41 21.4237
90 42 23.2888
90 49 42.9333
90 58 47.5347
90 59 15.2552
90 60 34.5461
90 62 30.8675
90 64 19.7296
90 65 47.1403
90 66 21.0762
90 67 27.7661
90 69 33.7131
90 71 1.6324
90 72 44.8182
90 74 14.2227
90 75 1.4532
90 77 42.8035
90 78 26.6334
90 80 58.7153
90 81 24.4739
90 82 31.4492
90 83 52.0464
90 85 49.3085
90 87 53.4609
91 1 43.1265
91 3 55.3149
91 5 48.5148
91 6 28.1305
91 7 24.5131
91 9 9.1952
91 11 31.3014
91 12 14.7143
91 15 20.9214
91 17 37.8471
91 19 15.6183
91 20 36.5859
91 24 40.9783
91 29 34.1163
91 31 20.8471
91 33 3.4445
91 34 17.9311
91 35 29.7271
91 36 20.0576
91 38 11.1505
91 41 56.9889
91 42 17.9699
91 43 5.1556
91 45 12.3677
91 46 58.9601
91 47 6.3072
91 48 13.6019
91 50 28.5912
91 53 14.4564
91 54 6.0505
91 55 32.6886
91 57 21.6009
91 59 14.8722
91 62 55.1511
91 64 19.0715
91 66 12.7532
91 67 34.8508
91 68 20.7919
91 70 45.3961
91 71 49.4228
91 74 58.5276
91 75 59.6089
91 76 14.5813
91 79 14.9248
91 80 36.8741
91 81 29.9880
91 86 53.8534
91 88 36.8854
91 89 55.9747
92 0 40.7403
92 3 58.7416
92 9 17.6873
92 12 38.5407
92 13 53.9636
92 14 46.4538
92 17 33.3720
92 18 25.1187
92 20 16.2173
92 21 7.4149
92 22 41.4317
92 24 3.1449
92 29 5.1485
92 31 21.8427
92 34 54.3792
92 35 53.0738
92 37 20.2134
92 40 4.4470
92 42 5.3923
92 43 52.5538
92 44 56.6261
92 45 11.3105
92 46 36.3354
92 48 55.2847
92 49 40.9206
92 51 46.3196
92 53 13.5153
92 56 35.5085
92 58 52.7315
92 59 47.4467
92 61 34.5499
92 62 24.9572
92 68 55.1394
92 69 41.1073
92 70 46.3581
92 72 20.6417
92 73 2.3172
92 75 24.3630
92 76 31.7273
92 78 45.3473
92 79 3.2591
92 80 30.2699
92 81 22.8042
92 82 13.2093
92 86 16.2900
92 89 29.8392
92 90 32.6851
92 91 18.9368
93 0 48.8211
93 4 53.9039
93 5 36.6516
93 7 47.4905
93 8 2.4973
93 9 28.2781
93 10 46.1351
93 12 40.3961
93 15 6.7861
93 16 49.0826
93 19 41.3865
93 20 49.6738
93 24 11.1943
93 26 17.1620
93 27 12.5877
93 30 33.9163
93 33 17.0588
93 34 53.5409
93 35 32.8832
93 39 50.2817
93 42 29.1888
93 47 55.8909
93 48 54.0820
93 50 13.2352
93 52 54.7047
93 53 17.7773
93 54 17.3043
93 55 49.8519
93 56 54.5325
93 57 30.2503
93 62 10.4603
93 63 52.7994
93 72 37.8764
93 74 50.0836
93 76 35.8218
93 77 50.6688
93 79 20.2019
93 85 29.9387
93 86 13.5171
93 89 49.1204
93 91 52.0799
93 92 44.1031
94 1 46.7250
94 2 6.7607
94 3 17.5299
94 5 26.0451
94 7 14.5181
94 12 55.6352
94 13 16.9376
94 14 46.7743
94 17 10.3599
94 20 58.7579
94 23 13.9524
94 24 5.6020
94 25 23.4941
94 27 49.8835
94 28 49.5189
94 29 35.2588
94 30 44.6406
94 32 3.0348
94 35 7.2918
94 36 57.1104
94 37 53.0446
94 38 41.7164
94 41 47.7925
94 42 56.0656
94 43 30.5022
94 44 8.6023
94 45 40.1788
94 48 1.6389
94 49 16.4693
94 52 31.6053
94 55 38.9227
94 58 48.4189
94 61 36.2345
94 62 42.4073
94 63 21.2386
94 66 17.2300
94 68 29.4665
94 69 28.9941
94 70 52.5057
94 71 22.6303
94 74 27.2392
94 75 32.4529
94 77 45.9096
94 79 14.8416
94 81 12.3134
94 84 30.1474
94 85 22.8431
94 86 44.5905
94 91 45.1880
95 0 3.2008
95 3 28.6315
95 6 29.5902
95 7 12.5296
95 13 19.3738
95 16 37.2575
95 18 36.5220
95 20 37.8950
95 22 22.7631
95 23 48.3464
95 24 9.2994
95 25 49.2459
95 27 38.0533
95 32 29.7037
95 35 18.5173
95 37 8.4537
95 40 12.8041
95 46 2.5329
95 47 13.1312
95 50 36.4943
95 51 55.4279
95 55 3.8810
95 56 57.3899
95 60 33.0552
95 64 55.1644
95 67 45.7697
95 68 24.1855
95 69 31.8374
95 70 24.2962
95 71 49.6421
95 72 46.4161
95 73 23.8668
95 74 22.1604
95 75 6.9635
95 77 32.2932
95 83 17.8306
95 85 1.0475
95 86 36.3013
95 89 25.8817
95 91 6.4331
95 93 25.2029
96 0 49.3655
96 1 58.5407
96 2 50.9917
96 3 47.8421
96 4 56.5556
96 5 25.8517
96 6 42.8141
96 8 20.0107
96 9 43.7219
96 10 28.7644
96 12 8.0983
96 15 12.5167
96 18 6.6360
96 22 20.5168
96 23 2.7656
96 25 9.3427
96 26 5.2564
96 30 11.2740
96 32 12.6347
96 33 33.0638
96 34 28.4767
96 37 13.2371
96 39 53.2527
96 43 38.6727
96 44 48.8598
96 46 18.9668
96 47 8.4834
96 48 44.0523
96 49 1.6874
96 52 12.2719
96 53 58.9228
96 56 1.1635
96 57 41.5046
96 59 55.0120
96 66 24.9867
96 67 45.1019
96 68 39.2110
96 70 19.6573
96 72 34.0752
96 73 59.8315
96 74 12.5689
96 75 30.1021
96 76 15.9481
96 81 49.6796
96 84 48.1881
96 85 10.4621
96 89 18.7478
96 90 16.0149
96 94 38.6360
96 95 38.3758
97 1 34.4148
97 2 55.2681
97 5 42.0245
97 6 13.8962
97 7 44.2049
97 8 21.4842
97 11 19.7185
97 12 55.0075
97 15 23.0418
97 17 55.1389
97 19 12.3171
97 22 28.7770
97 24 49.9955
97 25 28.6851
97 26 36.9648
97 30 57.6555
97 31 19.7535
97 32 32.2053
97 34 11.5011
97 39 25.4958
97 40 46.5798
97 42 25.8868
97 43 32.8309
97 48 25.8881
97 49 8.4546
97 52 6.5157
97 55 11.9629
97 57 39.3403
97 60 51.2534
97 61 50.6713
97 64 55.0068
97 65 3.4099
97 67 22.0591
97 68 30.5538
97 71 53.9453
97 72 55.0525
97 78 22.0497
97 79 37.9980
97 83 8.2075
97 85 13.0284
97 87 2.9793
97 88 45.0324
97 90 25.2946
97 92 32.4218
97 93 4.7089
97 96 24.5489
98 0 10.6783
98 1 36.0968
98 2 43.6618
98 4 5.7682
98 6 34.3797
98 8 2.6722
98 9 32.8629
98 10 37.3674
98 12 36.2890
98 14 35.7585
98 15 3.5441
98 16 1.6814
98 19 33.4289
98 21 56.0041
98 22 6.6494
98 25 5.6745
98 31 25.7914
98 32 33.9017
98 34 10.5624
98 38 45.0757
98 40 44.6706
98 41 54.8874
98 43 23.2451
98 44 23.8119
98 45 4.9354
98 46 43.0753
98 47 53.1075
98 48 15.5460
98 49 52.1280
98 53 47.4343
98 57 48.0821
98 61 33.4162
98 64 43.1645
98 65 58.9912
98 68 28.6772
98 72 56.0614
98 75 12.8208
98 76 38.2285
98 77 5.2152
98 80 54.9057
98 81 52.0811
98 82 21.5503
98 83 57.7520
98 84 59.0753
98 85 19.5999
98 86 36.0885
98 88 12.1305
98 92 33.1676
98 93 44.1889
98 96 21.7388