0
2 1 48.7967
3 0 28.2862
3 1 26.6486
3 2 32.6844
4 1 25.9314
4 2 39.4341
4 3 44.5115
5 0 27.0707
5 2 24.2879
6 0 14.2809
6 2 27.5523
6 3 26.3660
6 4 36.9029
6 5 17.9511
7 2 18.5329
7 3 32.6186
7 4 14.5043
8 0 5.2406
8 1 38.0292
8 2 17.4690
8 3 25.9281
8 4 48.4716
8 5 43.9475
8 7 4.5639
9 0 15.9606
9 1 1.0746
9 3 7.4538
9 4 32.0598
9 5 31.3831
9 6 33.7253
9 7 30.7609
10 0 14.3314
10 1 29.7158
10 5 4.2484
10 6 46.0786
10 7 25.9305
10 8 33.3395
10 9 34.6641
11 5 14.0166
11 6 37.8267
11 7 45.6497
11 9 32.4198
11 10 8.8000
12 0 36.8319
12 2 12.6524
12 3 49.5474
12 4 14.7826
12 5 9.7589
12 6 24.5558
12 11 48.8726
13 1 46.7257
13 2 17.5858
13 3 24.3106
13 6 29.3824
13 9 19.5379
14 1 16.2249
14 2 3.8551
14 3 28.6602
14 4 46.1430
14 7 24.7269
14 9 19.7160
14 13 19.3884
15 0 4.6874
15 1 17.5893
15 2 21.0687
15 3 11.8000
15 4 38.2285
15 5 3.9005
15 6 9.0610
15 7 1.4549
15 8 8.8963
15 13 17.5342
16 4 41.8823
16 5 40.0070
16 7 18.6668
16 10 19.1525
16 11 13.0790
16 12 41.8956
17 0 5.7370
17 2 38.8877
17 4 23.2764
17 5 16.7747
17 6 34.9811
17 7 12.3087
17 9 17.0925
17 10 41.2402
17 11 26.3221
17 15 3.5159
17 16 9.1578
18 0 33.2804
18 3 42.4903
18 5 10.5452
18 7 31.0411
18 9 40.8943
18 12 26.3560
18 13 13.1832
18 14 43.3188
18 16 31.5656
18 17 30.2613
19 1 26.7625
19 2 38.7843
19 3 4.4497
19 4 35.4205
19 8 11.3609
19 11 26.6087
19 13 23.3338
19 14 26.3302
19 18 29.7310
20 0 18.5083
20 2 32.8341
20 5 21.6985
20 7 33.5273
20 9 16.0067
20 10 23.9824
20 13 38.6525
20 16 9.1213
20 17 20.0918
21 2 16.5736
21 10 36.6821
21 11 2.6140
21 12 42.2312
21 13 38.4985
21 14 38.4317
21 15 34.1620
21 16 34.5676
22 0 27.0059
22 2 41.3292
22 3 28.7787
22 7 2.1757
22 8 12.7385
22 12 41.4938
22 15 36.2840
22 17 19.4959
22 19 9.1884
22 20 7.9471
22 21 35.1790
23 0 15.8670
23 1 40.0801
23 2 26.0154
23 3 16.4101
23 4 42.4397
23 5 22.7437
23 8 19.3983
23 9 2.7257
23 11 15.6721
23 17 14.0594
23 18 47.6734
23 19 13.9546
23 21 47.7177
24 1 46.0682
24 7 46.4734
24 8 12.0947
24 10 38.5556
24 13 34.1165
24 14 8.7029
24 15 16.7770
24 16 31.6679
24 17 33.7010
24 18 37.8806
24 21 13.9512
24 22 14.4033
25 0 45.8118
25 1 7.9896
25 2 35.8963
25 3 29.3723
25 6 24.7140
25 7 3.1690
25 8 40.9758
25 9 36.6899
25 11 24.7649
25 12 1.2937
25 14 14.3427
25 15 15.1723
25 16 3.2443
25 17 46.2681
25 19 23.5626
25 20 26.3744
25 23 39.3964
26 0 1.8631
26 2 7.5828
26 3 29.9256
26 4 42.1420
26 8 31.3448
26 12 6.9783
26 15 46.2865
26 16 28.5438
26 17 26.7270
26 18 27.5474
26 19 28.0628
26 20 34.7327
26 22 23.6463
26 23 16.6806
26 25 18.8936
27 1 43.8878
27 3 8.0510
27 4 35.7243
27 5 25.8202
27 11 15.4099
27 12 37.7000
27 15 16.5864
27 17 19.1287
27 19 13.3829
27 20 17.2795
27 25 2.8112
28 2 16.8626
28 3 1.1431
28 4 44.9257
28 5 35.0195
28 6 12.4159
28 8 30.8600
28 10 32.4407
28 11 22.1232
28 12 17.5651
28 13 4.0670
28 15 26.5397
28 17 27.2078
28 21 40.0244
28 22 31.1333
28 23 16.3644
28 24 43.1784
28 26 5.9491
29 1 19.8465
29 2 41.7394
29 12 23.9918
29 13 33.0478
29 15 21.8018
29 17 5.0990
29 21 22.4715
29 24 36.2020
29 25 13.2378
29 26 32.3294
29 28 31.6363
30 0 41.2096
30 2 39.2625
30 3 15.1358
30 4 38.3993
30 5 4.2412
30 6 24.4878
30 7 2.0387
30 10 7.2009
30 11 46.1068
30 13 29.1939
30 14 38.4261
30 18 10.6853
30 19 23.5101
30 21 44.6078
30 22 38.2650
30 23 7.0464
30 25 13.8090
30 27 25.9554
30 28 24.5769
31 0 22.6921
31 2 23.4741
31 3 46.6097
31 5 31.8310
31 6 17.4681
31 8 41.4231
31 11 34.9692
31 14 27.8356
31 15 24.5819
31 16 5.4124
31 17 34.9030
31 21 14.4106
31 22 1.8105
31 23 37.8457
31 26 16.2500
31 28 9.4723
32 1 45.6981
32 2 27.0257
32 3 12.3881
32 4 30.1850
32 8 13.0997
32 10 22.0762
32 11 29.5640
32 12 7.7951
32 14 12.7674
32 17 32.0217
32 18 9.5083
32 19 23.2771
32 20 16.1469
32 24 36.6254
32 27 24.5488
32 30 16.1997
32 31 36.3149
33 0 41.4715
33 2 49.4676
33 4 27.5433
33 5 2.4685
33 6 25.5828
33 8 19.3159
33 9 49.9225
33 11 29.6721
33 17 49.5610
33 18 39.3517
33 19 44.2126
33 20 41.4864
33 21 6.3986
33 23 48.8933
33 24 13.4633
33 25 21.0258
33 26 42.8485
33 27 41.3115
34 1 3.2687
34 2 21.8008
34 3 40.8914
34 4 25.2652
34 7 31.9206
34 8 28.7228
34 9 4.0196
34 10 39.1362
34 11 7.5466
34 12 17.4206
34 13 40.7709
34 15 26.6701
34 18 26.0067
34 21 17.4115
34 23 35.1174
34 24 4.7020
34 26 49.8895
34 27 45.7197
34 32 27.3616
34 33 2.7281
35 2 8.3419
35 5 18.4029
35 6 21.7605
35 7 40.6806
35 9 24.4197
35 10 48.2030
35 12 20.7698
35 15 3.5531
35 20 3.5809
35 22 5.7234
35 23 6.5000
35 27 37.6104
35 31 19.7670
35 32 12.4368
35 34 20.2349
36 1 1.8393
36 2 22.9301
36 3 25.5645
36 4 15.5502
36 5 42.3170
36 12 49.5595
36 13 37.8210
36 14 1.9125
36 15 15.2603
36 19 4.4031
36 22 20.6926
36 23 25.9883
36 25 49.3733
36 26 20.0716
36 30 45.8301
36 32 41.9899
36 33 39.5618
36 34 11.2954
37 0 13.8801
37 1 33.0879
37 4 6.5030
37 5 21.5234
37 8 5.2299
37 11 10.0220
37 13 25.2340
37 14 13.1575
37 17 29.4550
37 21 41.5881
37 24 9.1700
37 25 29.2408
37 27 11.8645
37 29 44.8871
37 30 45.1454
37 31 21.1065
37 33 5.3997
37 34 3.6988
38 2 46.8040
38 5 42.0262
38 9 14.6793
38 10 18.1990
38 11 26.7922
38 15 31.7197
38 16 40.4859
38 17 47.5635
38 23 11.9923
38 25 5.7129
38 26 34.5015
38 27 37.5631
38 31 3.4176
38 32 14.5454
38 34 20.8196
38 37 6.0081
39 2 14.0460
39 4 22.8104
39 7 24.7890
39 9 11.8011
39 12 47.5317
39 13 20.8696
39 15 30.7636
39 19 4.8974
39 23 26.7112
39 24 26.0120
39 25 20.1869
39 26 21.3810
39 28 41.8090
39 31 32.7544
39 35 40.0615
39 36 48.1035
39 38 39.6041
40 0 30.8537
40 4 21.8528
40 5 41.5766
40 6 44.4090
40 7 49.8663
40 8 39.2746
40 11 19.9200
40 13 9.1505
40 14 4.6632
40 16 25.1234
40 19 48.5151
40 20 34.6978
40 21 45.3548
40 22 26.2813
40 27 34.6174
40 28 2.7786
40 34 5.7709
40 35 22.7228
40 39 7.9125
41 0 20.3342
41 2 32.4940
41 4 16.6150
41 7 27.6543
41 8 6.2940
41 9 21.2386
41 12 2.8150
41 14 43.6618
41 17 2.3273
41 18 38.4012
41 22 32.9955
41 23 48.1637
41 25 45.0943
41 26 41.1155
41 28 25.0539
41 30 43.6174
41 31 5.3427
41 33 39.3837
41 37 25.3433
41 39 25.2771
42 0 47.9424
42 3 13.9868
42 5 6.2264
42 6 9.2191
42 7 44.6353
42 8 11.6332
42 9 36.8215
42 12 26.9320
42 13 42.7965
42 18 4.0184
42 22 29.1267
42 23 42.2797
42 26 2.5302
42 28 35.8676
42 30 45.8332
42 33 43.3716
42 34 6.2606
42 35 8.4373
42 37 15.7887
42 39 6.8375
43 0 31.9128
43 4 14.3780
43 5 14.7349
43 6 43.8032
43 9 43.4290
43 10 43.2503
43 11 26.7203
43 12 38.3254
43 13 27.2577
43 15 19.6388
43 16 12.8197
43 17 29.5677
43 19 47.8455
43 20 47.8751
43 21 1.0297
43 22 37.5672
43 23 6.7354
43 24 8.2560
43 26 34.6052
43 27 7.2504
43 28 45.5311
43 31 3.9617
43 32 47.3478
43 35 48.9620
43 37 21.4059
43 39 33.8254
43 41 33.5545
44 1 1.4820
44 2 29.7533
44 4 38.0728
44 5 29.7646
44 6 26.8293
44 7 43.3558
44 8 38.3872
44 9 12.4487
44 10 14.3852
44 11 30.2689
44 16 33.0009
44 21 8.9213
44 24 2.3145
44 28 34.2806
44 30 44.1988
44 31 10.1854
44 33 8.4644
44 34 11.5727
44 35 42.2414
44 37 49.2380
44 38 5.2028
45 0 12.6446
45 1 6.9466
45 2 16.2708
45 3 27.6743
45 6 7.6194
45 9 25.3084
45 10 49.1207
45 15 43.5444
45 16 14.5622
45 17 39.4828
45 20 31.0430
45 23 32.6582
45 24 16.4047
45 26 20.3773
45 28 10.5668
45 31 15.9575
45 33 49.9942
45 35 2.8659
45 38 43.3785
45 41 17.6465
45 42 14.6832
45 43 31.3191
46 0 39.1110
46 2 27.7922
46 5 25.4935
46 9 46.0031
46 11 33.9308
46 12 16.8012
46 13 39.3289
46 17 36.1051
46 18 30.0633
46 21 1.3413
46 22 32.6357
46 24 45.8561
46 25 32.2569
46 26 37.9480
46 27 9.6679
46 29 3.1118
46 31 8.8448
46 33 19.0629
46 35 46.1909
46 36 41.1449
46 38 35.2035
46 39 27.8659
46 40 8.3314
46 41 37.1034
47 0 36.1981
47 1 16.6860
47 3 16.7393
47 4 21.8960
47 6 4.6521
47 7 13.8428
47 8 1.0400
47 10 15.3062
47 11 42.8797
47 13 23.2477
47 15 26.9179
47 19 37.8250
47 20 24.5004
47 21 29.6306
47 24 45.8591
47 27 45.1021
47 29 34.7558
47 32 48.6891
47 33 45.1081
47 37 18.7965
47 41 7.5271
47 43 10.5159
48 0 44.2282
48 1 11.5145
48 2 26.6255
48 4 36.9376
48 6 14.1378
48 7 18.2333
48 9 41.5334
48 10 27.3540
48 13 18.4763
48 14 18.0619
48 16 43.0887
48 18 7.0864
48 19 37.8105
48 26 35.5592
48 28 18.9757
48 37 3.7962
48 43 12.4578
48 44 35.4710
49 1 14.7107
49 2 35.7487
49 4 40.8591
49 5 38.8016
49 9 14.6117
49 11 43.5356
49 12 48.0466
49 15 39.2466
49 16 27.2545
49 20 13.3348
49 22 33.6773
49 24 23.4976
49 26 13.0057
49 27 18.7485
49 28 36.0939
49 29 11.8753
49 30 30.0008
49 34 32.6378
49 35 44.9719
49 45 45.6869
49 46 37.3667
49 47 19.2706
50 2 46.9798
50 3 14.0552
50 4 33.9386
50 5 13.3281
50 6 6.4473
50 10 20.4743
50 12 11.4656
50 13 33.5695
50 16 18.3036
50 20 20.9876
50 21 6.4321
50 22 36.0316
50 23 15.0080
50 25 12.5319
50 26 38.9217
50 27 26.1120
50 28 39.2376
50 29 25.3065
50 31 32.6390
50 32 31.6756
50 34 33.6428
50 37 2.7318
50 39 5.1735
50 41 15.0323
50 42 13.0495
50 44 44.6788
51 0 7.7078
51 2 8.4300
51 3 44.7965
51 7 49.6567
51 10 44.4073
51 15 35.2548
51 17 9.9667
51 18 26.1570
51 19 18.2838
51 20 48.3815
51 22 33.2820
51 23 31.7926
51 26 15.9415
51 35 31.9771
51 37 42.6742
51 39 34.9851
51 40 12.7198
51 42 26.3542
51 45 4.0025
51 47 47.8290
51 48 30.5265
51 49 8.4724
52 0 28.8749
52 3 29.9135
52 6 37.7988
52 7 10.4961
52 8 15.6004
52 9 48.0779
52 13 26.7249
52 18 43.3893
52 19 6.6473
52 21 48.2812
52 25 16.4870
52 26 9.9969
52 27 22.3729
52 28 37.4619
52 29 17.5866
52 30 22.4211
52 31 21.9544
52 33 21.1103
52 34 41.9055
52 36 35.8218
52 37 33.9864
52 38 10.0399
52 40 2.2463
52 42 19.8336
52 43 23.5296
52 46 16.4146
52 47 31.4399
52 48 11.2581
52 49 18.5410
52 50 33.1096
53 0 11.7935
53 1 32.8300
53 3 1.2421
53 5 48.4292
53 6 2.6389
53 7 41.2862
53 8 27.4424
53 9 27.7926
53 10 44.0977
53 11 6.0171
53 19 29.7142
53 20 47.2719
53 21 8.5497
53 26 8.4368
53 27 6.8850
53 29 4.3234
53 31 48.8989
53 32 30.5042
53 33 6.7076
53 34 42.7283
53 35 13.6562
53 36 29.8820
53 37 43.5754
53 40 17.7531
53 44 9.3274
53 45 47.1477
53 46 23.9371
53 47 32.8289
53 52 27.4811
54 1 20.8477
54 8 16.7570
54 9 30.8591
54 11 42.7776
54 12 40.8812
54 14 24.1346
54 20 12.8929
54 21 35.0414
54 24 19.4918
54 25 46.5011
54 27 35.4326
54 28 10.7545
54 29 31.7772
54 30 25.5567
54 32 48.6916
54 33 1.0811
54 36 18.1046
54 38 19.5265
54 39 26.0509
54 40 37.9907
54 44 15.5138
54 47 13.0996
54 49 15.1803
54 52 13.1690
54 53 42.4946
55 0 11.9887
55 2 49.3014
55 3 30.4735
55 4 25.4064
55 6 2.2053
55 12 9.0442
55 14 27.3144
55 15 13.9594
55 23 5.3563
55 25 1.5340
55 27 44.6081
55 29 42.2872
55 30 38.9597
55 31 2.6696
55 32 31.5004
55 33 21.8629
55 35 22.9933
55 36 45.1197
55 37 48.3521
55 41 38.5072
55 42 4.5954
55 43 29.5151
55 47 36.5676
55 48 34.5167
55 52 4.3100
55 53 19.9741
56 0 38.4318
56 1 3.7271
56 2 18.1488
56 4 41.8988
56 5 27.7338
56 6 1.0699
56 8 21.8485
56 11 12.3057
56 12 47.6784
56 15 20.7648
56 16 6.4254
56 21 11.3548
56 22 34.1280
56 26 17.8697
56 27 4.9596
56 30 10.8251
56 31 25.5108
56 33 18.2020
56 34 18.4963
56 38 33.2218
56 39 39.0839
56 40 29.1754
56 41 47.0289
56 42 39.2000
56 43 6.9722
56 48 20.1716
57 0 30.4606
57 3 34.5305
57 4 41.4901
57 5 18.8405
57 11 16.8400
57 15 13.0458
57 16 41.8704
57 17 28.1688
57 21 46.8091
57 23 28.6238
57 24 9.4644
57 26 49.1203
57 28 19.5764
57 30 26.6016
57 31 29.9039
57 32 4.6696
57 33 12.1320
57 36 31.2015
57 39 23.7725
57 44 30.4524
57 45 43.1291
57 46 27.7050
57 47 12.5865
57 48 26.9954
57 49 20.3313
57 51 28.9451
58 1 48.5957
58 2 45.7699
58 5 18.4046
58 7 20.8144
58 11 16.8252
58 12 36.7969
58 14 16.1678
58 15 42.4620
58 16 6.9501
58 17 35.4019
58 21 21.2961
58 22 33.4929
58 23 24.2622
58 28 42.7729
58 29 3.2063
58 30 19.8494
58 32 34.6874
58 33 11.5110
58 35 43.5470
58 41 34.2726
58 44 29.1877
58 45 27.9428
58 46 13.3742
58 48 30.9103
58 50 39.0681
58 52 25.6393
58 53 38.9911
58 55 41.3682
58 57 12.0815
59 1 35.4459
59 3 12.4103
59 5 42.8926
59 6 44.7877
59 8 17.3179
59 12 14.3636
59 14 2.3776
59 15 36.6530
59 16 1.2111
59 19 1.0331
59 20 8.0905
59 21 22.3908
59 22 48.0293
59 25 34.7948
59 27 49.8818
59 28 34.3974
59 31 11.5734
59 36 26.5507
59 41 42.2710
59 42 7.6345
59 43 15.8924
59 46 36.0470
59 47 22.6738
59 49 37.8205
59 50 33.4420
59 52 30.8533
59 54 34.1159
59 57 18.9581
59 58 29.8259
60 0 19.0949
60 6 30.1630
60 7 33.3489
60 8 48.6279
60 10 29.4936
60 12 28.6655
60 13 9.3969
60 15 11.5336
60 16 17.8450
60 17 46.2284
60 18 45.9916
60 20 11.6527
60 22 27.5480
60 23 17.6856
60 26 41.4782
60 27 10.4190
60 28 23.4937
60 30 37.6001
60 33 18.2785
60 34 17.6645
60 36 39.2330
60 37 34.5627
60 38 39.5739
60 39 6.4925
60 41 10.4402
60 42 32.7714
60 43 21.3194
60 45 23.9775
60 47 16.1681
60 49 46.4538
60 50 14.0054
60 52 11.7121
60 53 35.1955
60 57 5.8964
60 58 11.8720
60 59 41.7515
61 0 9.7489
61 2 29.3502
61 4 41.0581
61 6 42.6463
61 7 29.6594
61 8 6.9525
61 14 32.4605
61 15 3.0686
61 17 46.9206
61 20 29.3356
61 21 46.3740
61 22 12.2675
61 25 39.4885
61 28 7.8297
61 29 4.3634
61 30 30.1883
61 31 10.7168
61 34 37.8152
61 36 5.2208
61 38 41.7320
61 39 34.4688
61 41 1.8926
61 42 33.9632
61 43 15.7092
61 45 28.6011
61 46 15.2317
61 47 45.9515
61 48 15.6260
61 50 16.3939
61 51 41.3521
61 52 26.3999
61 54 48.1510
61 57 6.3168
61 59 46.3296
61 60 17.4484
62 1 18.8778
62 2 12.8400
62 10 18.3376
62 12 36.1644
62 15 2.3913
62 16 25.0853
62 18 18.9800
62 21 18.6893
62 23 28.2985
62 24 11.1767
62 25 17.7365
62 27 28.6887
62 30 3.1429
62 34 5.2147
62 36 39.5520
62 37 42.0020
62 38 42.6835
62 39 15.5706
62 40 42.0806
62 45 26.0239
62 47 16.4158
62 53 42.6037
62 55 7.5483
62 57 4.0555
62 58 6.8708
62 59 28.7784
62 61 23.5859
63 1 32.9148
63 2 12.7630
63 3 10.4448
63 10 30.8569
63 11 36.8268
63 12 32.5569
63 13 44.6834
63 14 41.0491
63 15 3.3898
63 18 16.1523
63 19 18.1253
63 21 29.3362
63 22 9.4547
63 25 25.9812
63 27 38.7103
63 29 5.2210
63 31 30.9646
63 32 22.6511
63 34 25.7146
63 38 24.1981
63 39 38.4078
63 40 41.7551
63 45 29.6420
63 48 12.8194
63 52 4.0778
63 55 39.8638
63 56 30.3347
63 60 4.5904
63 62 7.5816
64 0 11.0876
64 1 2.4022
64 4 48.9230
64 5 16.3908
64 10 27.5645
64 12 45.5336
64 15 3.9294
64 16 25.3046
64 17 45.2922
64 18 4.3864
64 19 45.5617
64 24 49.2448
64 26 47.5737
64 27 40.1397
64 28 34.5621
64 29 19.0343
64 30 5.5053
64 31 18.6421
64 32 12.8616
64 35 10.3338
64 36 8.8895
64 37 11.9942
64 40 21.9815
64 41 3.0130
64 43 2.3614
64 44 48.2371
64 47 36.5742
64 48 5.2200
64 49 44.7489
64 52 47.2684
64 57 41.5265
64 59 27.3821
64 60 46.9327
64 62 33.3655
65 2 41.3899
65 5 4.7297
65 7 43.8977
65 9 49.2009
65 10 27.8544
65 13 3.6720
65 15 21.9083
65 17 33.5564
65 19 44.4620
65 22 28.9635
65 23 16.1777
65 24 11.0172
65 25 20.9753
65 30 16.2533
65 34 38.4460
65 36 41.2828
65 37 43.3548
65 45 38.2069
65 48 44.3744
65 51 42.8206
65 53 34.3894
65 54 20.6217
65 55 41.0189
65 57 25.2470
65 59 12.1301
65 61 32.8884
65 62 37.7076
65 64 44.7117
66 0 47.8039
66 1 43.2409
66 2 36.8932
66 3 22.7481
66 5 25.2693
66 6 29.1999
66 7 26.9684
66 9 10.6548
66 12 23.7857
66 13 14.5072
66 16 46.5736
66 19 5.5089
66 20 46.1652
66 21 12.1325
66 23 45.6238
66 24 3.5018
66 27 28.4586
66 30 18.0418
66 32 23.5873
66 34 10.0516
66 36 15.3514
66 38 40.2764
66 40 35.2721
66 41 6.1601
66 46 18.9745
66 48 1.5677
66 51 10.1735
66 52 1.5280
66 53 11.4648
66 58 26.7876
66 60 27.0023
66 63 4.0416
66 64 12.2104
67 0 5.9428
67 2 24.2770
67 4 41.5639
67 6 30.2120
67 9 31.5539
67 10 14.2339
67 12 9.9093
67 14 2.0372
67 16 13.9168
67 17 44.0985
67 18 31.5258
67 19 44.3789
67 22 38.0603
67 23 46.4865
67 26 46.5669
67 27 19.3474
67 31 10.0438
67 32 25.8442
67 33 42.0606
67 37 33.2844
67 38 41.9113
67 39 45.6528
67 40 18.0023
67 42 31.3723
67 45 30.1669
67 46 34.3317
67 51 42.0530
67 54 24.2083
67 57 27.2078
67 58 7.5294
67 59 42.9205
67 61 48.4517
67 62 38.2341
67 64 12.9845
67 65 41.5868
67 66 38.5015
68 0 32.7309
68 1 42.4960
68 2 32.8680
68 4 41.0346
68 8 15.4956
68 9 18.9924
68 12 31.6559
68 13 35.9425
68 14 5.6185
68 15 39.5706
68 16 11.7812
68 18 35.3398
68 20 7.1298
68 21 13.3933
68 23 27.7681
68 25 3.6557
68 26 41.1122
68 30 10.5021
68 31 29.4795
68 32 48.9172
68 38 5.9882
68 40 16.4672
68 44 30.7544
68 45 19.0380
68 48 12.9387
68 49 43.1938
68 51 4.5165
68 52 33.6591
68 53 22.3179
68 56 44.5640
68 57 40.7519
68 59 18.1941
68 62 17.7440
68 64 23.6688
68 66 32.6664
69 1 28.8870
69 2 6.4230
69 4 18.5935
69 5 40.8771
69 6 37.4971
69 9 12.9005
69 10 23.5418
69 11 26.4327
69 12 28.5988
69 15 16.8653
69 20 8.7253
69 21 4.0123
69 23 14.5183
69 25 17.1376
69 28 44.2169
69 30 16.3657
69 31 1.1045
69 32 3.0560
69 33 35.0745
69 34 18.5892
69 35 33.7414
69 36 36.6531
69 37 27.5635
69 40 15.0793
69 42 34.4345
69 46 18.4368
69 47 47.7330
69 48 33.5577
69 54 23.8202
69 55 33.6062
69 56 15.9186
69 57 10.8636
69 58 13.4374
69 61 10.1974
69 63 23.6788
69 66 27.6746
69 68 29.4464
70 0 20.8317
70 1 32.5630
70 8 48.6771
70 9 27.4638
70 10 35.4318
70 11 17.0405
70 12 10.0613
70 13 49.3413
70 15 17.7129
70 17 20.9538
70 18 34.6349
70 20 36.7883
70 21 10.1212
70 24 11.4189
70 25 2.6619
70 28 28.4904
70 29 4.9706
70 31 24.4872
70 35 43.4940
70 36 32.0547
70 37 30.1761
70 40 24.9525
70 44 10.8778
70 47 17.0117
70 51 11.9285
70 52 7.6787
70 55 48.5589
70 56 41.7446
70 57 37.5181
70 58 29.9523
70 59 38.0448
70 60 17.5159
70 62 1.4136
70 66 2.1311
70 67 35.6178
71 0 26.4152
71 2 37.5926
71 3 37.8415
71 6 26.3884
71 7 41.3465
71 12 49.0016
71 14 38.7402
71 18 41.5761
71 19 17.5114
71 24 43.1473
71 26 10.0407
71 31 22.0690
71 32 14.8787
71 35 12.8328
71 36 43.0869
71 39 37.6691
71 40 44.2898
71 47 6.3219
71 49 39.8901
71 51 34.4062
71 55 33.1647
71 56 11.6592
71 58 7.8420
71 60 44.1488
71 62 47.0058
71 63 23.8137
71 65 11.4618
72 1 46.5291
72 3 8.0820
72 4 25.1861
72 7 30.8482
72 8 18.1404
72 9 3.5291
72 10 20.0812
72 11 8.8512
72 14 8.4604
72 17 31.9527
72 21 20.4125
72 30 4.8724
72 31 34.0407
72 32 49.7991
72 33 2.0258
72 34 2.6786
72 35 36.9764
72 39 47.8108
72 40 20.0051
72 42 27.5456
72 43 1.2081
72 44 28.0775
72 46 13.7106
72 47 5.3082
72 49 49.1868
72 50 18.1576
72 51 29.4029
72 53 28.7488
72 55 36.3864
72 57 42.9703
72 60 12.8474
72 61 15.8403
72 62 43.6163
72 66 39.9430
72 68 28.0811
72 69 10.0117
72 70 29.3301
72 71 1.9996
73 0 18.9597
73 1 47.0115
73 2 14.3631
73 4 15.8816
73 6 5.2053
73 8 14.0178
73 9 34.4443
73 11 24.7820
73 12 32.1761
73 13 29.5678
73 14 29.3534
73 15 11.4565
73 17 13.8440
73 18 1.3928
73 19 21.6204
73 21 22.0424
73 26 31.8707
73 27 6.2588
73 29 16.5176
73 31 26.1310
73 34 26.7859
73 35 36.3893
73 37 3.6754
73 38 26.3326
73 41 35.1502
73 45 11.7112
73 46 46.2792
73 49 34.1593
73 50 19.5246
73 52 7.0432
73 53 28.7570
73 54 19.0538
73 55 1.0237
73 59 49.7519
73 62 39.5150
73 66 32.2901
73 67 46.2699
73 69 12.4369
73 70 31.9908
74 1 19.1159
74 2 35.5108
74 4 13.8579
74 5 32.4766
74 7 26.0872
74 8 41.2791
74 13 18.1491
74 18 29.0415
74 19 33.0366
74 20 20.1384
74 32 8.1725
74 33 44.4921
74 37 29.2980
74 38 46.4701
74 40 31.0952
74 41 47.4346
74 42 19.8728
74 44 48.5820
74 45 20.5231
74 46 1.3160
74 48 2.0715
74 49 19.7033
74 50 4.8580
74 54 33.9017
74 55 15.7988
74 58 9.3122
74 60 17.8214
74 61 34.2901
74 63 33.9862
74 64 25.8302
74 67 49.7206
74 68 14.1548
74 69 40.9292
74 70 15.7767
74 72 2.2911
75 1 35.5204
75 2 21.8272
75 5 6.9119
75 7 40.9495
75 8 11.9943
75 9 49.3704
75 10 29.8809
75 11 15.3862
75 13 2.8554
75 14 29.1758
75 15 21.1835
75 16 10.7393
75 17 47.0346
75 18 45.6522
75 19 33.2260
75 20 39.6332
75 22 29.8030
75 26 3.4468
75 28 43.4873
75 30 13.8039
75 32 43.1588
75 42 19.4171
75 44 19.9838
75 45 49.4793
75 46 10.9229
75 47 4.2165
75 48 12.5403
75 49 19.9597
75 50 40.2792
75 51 25.1186
75 53 21.1143
75 54 10.8785
75 55 31.5373
75 56 32.6325
75 58 48.8475
75 62 37.0761
75 63 8.7772
75 64 18.0960
75 66 29.6666
75 67 19.6547
75 70 2.5195
75 71 36.4092
75 72 6.9923
75 73 29.2922
75 74 3.0481
76 3 45.6801
76 4 38.4879
76 5 19.1685
76 6 34.3157
76 9 47.8999
76 13 11.0797
76 14 6.0405
76 20 12.0387
76 21 15.3782
76 23 4.8676
76 24 18.9421
76 25 38.7616
76 26 24.1567
76 29 23.4931
76 30 49.1383
76 31 42.7515
76 33 5.6336
76 36 25.2203
76 37 16.9817
76 39 46.9545
76 40 45.9235
76 42 30.6597
76 49 9.5501
76 50 32.0332
76 51 40.9749
76 52 39.1943
76 56 29.6998
76 57 25.3031
76 58 3.8654
76 59 42.7721
76 60 24.5527
76 61 24.7707
76 62 26.5718
76 63 11.1579
76 64 40.5778
76 68 13.4179
76 69 7.5264
76 70 46.2206
76 73 3.1550
76 75 35.7350
77 2 29.6652
77 5 48.0706
77 7 40.8196
77 8 10.7105
77 10 28.5874
77 14 45.8051
77 16 25.3081
77 17 42.1178
77 19 16.6825
77 20 30.7418
77 22 49.8832
77 23 23.4990
77 24 27.5262
77 26 17.6581
77 28 32.2995
77 29 5.0305
77 30 41.1107
77 31 38.1940
77 32 28.3223
77 33 2.3423
77 36 7.0677
77 39 33.0475
77 40 11.6682
77 42 16.3392
77 43 44.7373
77 47 27.8074
77 49 28.7847
77 50 47.6841
77 53 46.4185
77 56 25.8342
77 57 38.1443
77 61 34.6877
77 62 41.8539
77 63 41.9917
77 64 15.1001
77 69 41.8554
77 70 19.2810
77 71 8.0448
77 72 15.9191
77 74 8.5636
77 75 34.1170
77 76 46.7174
78 0 11.1024
78 3 17.0157
78 5 20.5810
78 6 29.7865
78 8 16.4775
78 11 20.2692
78 12 11.3865
78 14 15.6625
78 15 15.4424
78 16 8.7052
78 17 30.0993
78 18 21.5506
78 20 8.1645
78 21 16.7963
78 22 17.5627
78 25 25.5068
78 26 35.1334
78 30 45.9394
78 31 36.9660
78 33 32.5617
78 35 4.5755
78 37 45.6975
78 38 44.9533
78 40 37.6955
78 41 14.7503
78 43 19.5681
78 46 33.5678
78 47 37.6913
78 50 7.0439
78 53 28.8656
78 55 39.8042
78 56 31.6992
78 58 14.9934
78 59 15.6663
78 62 13.1377
78 63 16.0189
78 65 19.4408
78 66 2.9196
78 67 29.3259
78 68 28.8259
78 70 20.2212
78 73 48.1392
78 76 5.5071
78 77 10.7166
79 1 8.6231
79 2 45.6743
79 4 42.0616
79 5 43.9348
79 7 29.4098
79 9 43.2824
79 10 40.3684
79 11 9.3840
79 16 8.3640
79 17 31.9770
79 18 45.8533
79 22 29.4530
79 24 11.5924
79 27 21.2057
79 28 21.2564
79 29 19.6461
79 32 6.1828
79 35 16.8381
79 40 37.1817
79 41 15.1934
79 43 32.8721
79 44 42.4333
79 46 40.6725
79 47 49.2614
79 51 37.5631
79 52 7.2898
79 54 42.6832
79 55 1.6130
79 57 30.5326
79 59 29.3609
79 60 6.9382
79 61 49.4616
79 63 14.9990
79 66 37.0468
79 67 25.2561
79 68 14.6623
79 70 41.9946
79 71 48.7525
79 73 41.9037
79 77 41.2945
80 3 2.8290
80 4 25.4414
80 6 15.7324
80 7 14.4334
80 8 20.3924
80 9 28.5851
80 13 14.0358
80 22 36.3388
80 23 14.6016
80 24 34.2196
80 25 4.9543
80 26 10.1133
80 27 31.6053
80 29 18.0996
80 33 37.9021
80 34 29.6259
80 37 3.2016
80 38 7.4417
80 40 5.8830
80 41 29.9673
80 43 49.5143
80 44 46.0007
80 47 22.5784
80 53 46.2750
80 54 16.2568
80 55 3.9598
80 58 28.2731
80 60 43.2544
80 62 4.8262
80 66 30.8456
80 67 20.0859
80 68 34.2710
80 72 28.6392
80 73 37.5255
80 74 43.6503
81 2 26.7853
81 3 46.4232
81 6 41.1483
81 7 30.5864
81 8 2.1454
81 9 43.3909
81 13 34.6507
81 14 8.1027
81 15 6.6837
81 16 16.2399
81 17 40.6214
81 18 3.1959
81 20 37.4950
81 21 29.7317
81 24 9.5471
81 26 5.2984
81 27 48.2300
81 32 28.3619
81 35 29.2747
81 36 47.9077
81 39 36.3797
81 40 39.3540
81 41 43.4922
81 42 33.6468
81 44 22.8740
81 45 17.2772
81 47 2.5885
81 50 43.4640
81 51 17.5894
81 54 31.1217
81 55 24.0115
81 57 10.8210
81 62 29.5618
81 64 25.2008
81 65 22.9989
81 66 11.4571
81 67 27.7977
81 68 32.4606
81 69 35.9124
81 72 2.4348
81 75 13.3453
81 76 44.7910
81 77 4.4859
81 78 24.4872
81 80 6.9018
82 2 12.5267
82 6 40.3984
82 7 29.7268
82 8 32.0812
82 9 43.3544
82 10 12.7076
82 11 16.5094
82 13 34.1500
82 14 33.5057
82 16 23.5916
82 17 26.2629
82 20 16.7749
82 22 18.9980
82 24 39.8505
82 25 44.0891
82 27 4.9098
82 28 6.0543
82 31 35.2425
82 32 3.2805
82 34 36.9006
82 36 16.9647
82 37 49.9119
82 39 36.6796
82 40 45.1265
82 41 30.2139
82 43 24.6773
82 45 48.7362
82 46 47.5447
82 47 33.6977
82 49 33.9404
82 50 9.3066
82 51 39.3013
82 52 34.1198
82 53 40.0420
82 54 25.1588
82 56 5.0155
82 60 9.8817
82 61 29.1529
82 65 22.3794
82 66 33.0813
82 70 48.6372
82 71 40.1910
82 75 40.7674
82 76 47.5590
82 77 14.6284
82 81 29.2082
83 1 43.3166
83 3 21.9969
83 5 24.9298
83 7 35.5438
83 9 38.6935
83 12 24.4370
83 13 45.7318
83 15 37.0369
83 17 11.3936
83 18 5.3883
83 19 49.6287
83 20 23.6809
83 22 12.1490
83 25 32.1743
83 28 43.0771
83 31 33.0439
83 33 49.2214
83 35 27.5257
83 36 26.3297
83 37 37.9168
83 38 24.3277
83 41 37.6066
83 42 16.4356
83 44 30.4699
83 51 35.1362
83 54 28.8975
83 56 39.3516
83 59 22.8358
83 60 16.9095
83 61 16.3402
83 62 36.3849
83 64 37.7672
83 66 36.3381
83 69 45.5605
83 70 11.3724
83 71 45.3462
83 72 24.0633
83 75 34.7691
83 76 36.9658
83 78 8.9831
83 79 39.6121
83 80 20.0914
84 0 7.5187
84 3 26.3396
84 7 44.7613
84 8 40.6041
84 9 46.3264
84 10 39.2182
84 11 22.4091
84 12 48.5676
84 15 29.9307
84 18 23.4379
84 19 28.4842
84 20 37.8245
84 23 31.8836
84 25 5.5605
84 26 9.6283
84 27 41.5156
84 28 23.9942
84 29 6.7580
84 32 34.2735
84 36 26.4706
84 37 22.1819
84 39 13.8961
84 42 41.4833
84 43 4.8742
84 45 42.3750
84 46 35.9257
84 47 26.8449
84 48 14.3963
84 49 40.7595
84 52 3.8800
84 56 12.4883
84 62 21.4388
84 65 44.4139
84 66 31.6950
84 68 4.5924
84 71 29.0549
84 75 42.7307
84 76 43.6462
84 77 42.4057
85 0 13.7861
85 5 18.8064
85 6 22.0550
85 8 14.7336
85 10 46.3985
85 13 8.0391
85 14 45.7043
85 15 23.4054
85 17 6.5811
85 18 48.3486
85 20 21.0651
85 22 35.6329
85 25 42.2007
85 27 23.2261
85 30 24.5398
85 31 9.4121
85 34 12.2082
85 35 26.6134
85 38 24.9641
85 40 23.5721
85 41 18.4752
85 43 41.4787
85 44 28.0330
85 47 49.9618
85 48 39.0954
85 49 9.1214
85 50 31.1380
85 51 22.5140
85 52 47.8201
85 56 38.4429
85 58 27.4548
85 59 5.6078
85 61 32.8563
85 62 28.5818
85 64 23.8795
85 68 32.0089
85 69 7.2566
85 72 36.7817
85 74 47.6481
85 75 3.1444
85 76 44.3127
85 78 11.6993
85 79 46.0934
85 80 46.4444
85 81 4.6468
85 83 42.4438
85 84 13.6978
86 1 15.6694
86 2 6.1412
86 6 30.0581
86 7 47.0891
86 9 45.5049
86 11 42.3939
86 12 4.8710
86 13 34.6395
86 14 34.2637
86 18 3.0100
86 20 8.1535
86 21 18.8431
86 26 28.0489
86 27 27.6199
86 29 5.3017
86 31 34.3556
86 32 22.3646
86 35 24.3299
86 37 35.9327
86 41 7.3480
86 43 22.4930
86 44 36.2630
86 45 43.1939
86 46 24.2401
86 48 26.8542
86 49 28.3113
86 55 11.2169
86 56 5.3068
86 57 20.9707
86 58 19.9341
86 62 25.6610
86 63 26.4112
86 64 16.3590
86 68 32.3280
86 70 32.0473
86 71 29.7352
86 72 41.5494
86 73 39.4290
86 74 49.1223
86 75 44.8625
86 80 3.0590
86 82 19.1666
86 84 17.2083
86 85 28.1253
87 1 41.7478
87 3 39.6347
87 4 23.1914
87 5 4.8406
87 7 49.0867
87 13 4.6600
87 16 22.2194
87 19 34.7135
87 20 18.1570
87 21 23.4532
87 24 35.6983
87 31 14.2063
87 35 8.9181
87 36 11.6784
87 39 14.0055
87 40 26.0500
87 42 11.1847
87 47 31.0082
87 48 19.5122
87 53 3.3894
87 55 19.9199
87 56 15.4056
87 57 40.5707
87 59 42.4845
87 62 45.9682
87 63 25.3335
87 64 30.8911
87 67 35.4158
87 73 14.6898
87 74 44.5184
87 76 20.2604
87 78 24.1581
87 82 20.9128
87 85 7.0631
87 86 21.5528
88 4 37.8887
88 6 43.2622
88 7 26.8811
88 8 33.0428
88 12 40.1240
88 18 3.7260
88 19 6.9209
88 23 38.4682
88 24 17.3071
88 27 11.5091
88 28 2.4585
88 29 17.3153
88 30 24.9492
88 36 48.6437
88 37 33.7032
88 39 48.1030
88 42 13.8968
88 45 41.2605
88 46 12.0708
88 47 33.9304
88 50 40.6717
88 51 41.9773
88 55 40.9748
88 56 30.5543
88 58 40.4367
88 59 39.4903
88 60 43.8835
88 63 4.0588
88 64 15.3423
88 68 49.1526
88 69 22.6751
88 71 37.0548
88 72 30.7060
88 74 28.1233
88 75 43.3751
88 76 14.6048
88 77 27.3833
88 78 41.9972
88 80 36.2010
88 83 38.9876
89 1 22.8680
89 2 40.3487
89 3 20.5881
89 6 42.3145
89 8 38.9194
89 9 36.9461
89 10 30.5284
89 12 10.6371
89 13 35.2987
89 14 14.0110
89 16 2.4112
89 17 1.2630
89 19 30.7596
89 22 39.4611
89 25 24.0325
89 27 4.1715
89 28 38.1459
89 29 35.6100
89 30 18.5227
89 32 40.7817
89 33 29.1948
89 34 7.0297
89 36 19.0800
89 38 4.7620
89 41 38.9082
89 42 16.4118
89 44 3.3111
89 45 8.6753
89 47 35.0807
89 50 5.7969
89 52 38.6894
89 53 24.3332
89 54 12.6789
89 55 14.3386
89 56 39.7934
89 57 37.3093
89 58 17.1990
89 60 18.1720
89 61 49.7978
89 65 24.7467
89 67 29.4560
89 68 16.8646
89 69 24.5506
89 70 30.8563
89 71 6.9648
89 72 37.7890
89 74 10.5023
89 77 18.6719
89 78 12.7403
89 79 41.4133
89 88 21.5153
90 0 1.7282
90 2 2.7594
90 4 42.3558
90 7 40.2309
90 8 46.2546
90 10 41.7274
90 12 17.8125
90 15 27.7398
90 16 20.7055
90 17 12.4694
90 19 39.2884
90 20 4.0915
90 21 9.5708
90 23 29.8337
90 24 7.4300
90 25 26.9277
90 26 46.1020
90 29 8.6026
90 30 31.1432
90 31 29.1975
90 33 24.3060
90 34 13.2893
90 37 41.3021
90 38 10.6039
90 39 19.3842
90 41 24.8514
90 43 39.7389
90 45 12.7088
90 48 9.6976
90 50 2.3215
90 52 12.1633
90 56 2.8127
90 58 36.6954
90 62 32.7082
90 63 11.0952
90 65 3.8142
90 66 22.6094
90 67 38.2315
90 69 35.6628
90 70 5.8569
90 71 4.7640
90 73 44.3475
90 75 10.9379
90 76 19.9139
90 79 44.2115
90 80 22.5538
90 82 4.3883
90 85 44.5604
90 86 17.7616
90 87 12.8257
90 88 40.4381
90 89 36.3681
91 0 32.3788
91 2 28.4688
91 3 30.4375
91 4 44.1968
91 5 10.7252
91 6 28.9092
91 8 41.4414
91 9 39.8024
91 12 24.2568
91 14 33.5760
91 15 28.4173
91 16 17.2430
91 20 37.9265
91 21 44.8663
91 23 34.4712
91 24 25.2525
91 27 13.4908
91 30 5.0816
91 31 39.6863
91 32 27.9553
91 33 43.2226
91 36 15.8181
91 37 23.2902
91 40 12.8179
91 43 47.3030
91 44 43.4704
91 45 47.1828
91 46 46.6563
91 50 23.2943
91 52 11.7859
91 53 8.7484
91 54 1.6067
91 55 25.1440
91 58 2.3316
91 59 39.0218
91 61 39.1653
91 62 8.1266
91 63 5.3675
91 65 28.3510
91 71 48.6986
91 76 45.0787
91 77 34.6302
91 78 26.8495
91 79 28.9395
91 81 40.4803
91 83 8.4696
91 87 48.6979
92 1 4.2880
92 3 27.9025
92 6 29.1650
92 8 5.0951
92 9 37.0442
92 10 32.8482
92 11 6.3636
92 18 13.5216
92 21 24.1176
92 22 20.2341
92 23 4.5399
92 25 46.8091
92 26 12.2367
92 29 40.2663
92 30 9.7747
92 32 9.0212
92 35 8.7344
92 38 41.7772
92 42 19.6200
92 43 17.3180
92 44 29.4697
92 45 21.5018
92 50 9.4987
92 51 7.8030
92 52 11.9418
92 53 37.1779
92 55 12.1805
92 58 19.3054
92 61 6.7920
92 62 5.3377
92 64 46.6174
92 66 32.3026
92 67 8.9345
92 69 12.6699
92 71 45.8332
92 72 48.0103
92 74 18.1561
92 75 36.5964
92 77 10.1050
92 78 17.2424
92 79 17.0706
92 81 42.9864
92 82 39.6530
92 86 16.3500
92 90 42.7023
92 91 25.6829
93 0 21.1710
93 3 25.7220
93 4 43.3310
93 5 33.7601
93 6 25.9754
93 7 9.1700
93 12 26.8472
93 14 8.4562
93 15 44.5499
93 16 21.5436
93 18 3.0425
93 19 43.4217
93 20 1.1981
93 21 31.7812
93 27 36.8718
93 28 15.2189
93 29 34.4103
93 30 15.5412
93 33 26.4041
93 34 9.0279
93 36 6.5914
93 38 11.7659
93 39 8.9932
93 41 9.5884
93 44 27.2539
93 45 7.2821
93 46 14.0847
93 47 34.7046
93 48 47.0893
93 49 40.1502
93 50 34.1889
93 52 10.7514
93 53 26.9401
93 54 15.7631
93 55 16.1246
93 56 21.4771
93 57 14.6127
93 58 18.9805
93 64 48.3325
93 65 49.7078
93 66 47.6384
93 67 1.7439
93 72 28.8511
93 73 24.5124
93 74 6.6552
93 76 31.8097
93 81 24.7414
93 86 1.9254
93 88 7.0586
93 91 26.9039
93 92 25.4679
94 0 11.0924
94 1 42.4554
94 2 30.9525
94 5 15.1441
94 7 5.0347
94 8 26.0806
94 9 25.5057
94 12 16.2907
94 15 44.2937
94 16 14.4748
94 17 7.9584
94 19 32.4645
94 20 24.0440
94 21 35.1988
94 23 30.1560
94 24 11.8870
94 27 13.6515
94 30 17.4419
94 31 2.9841
94 32 15.5507
94 39 25.1096
94 41 4.5948
94 44 23.8579
94 45 2.6760
94 49 25.4170
94 50 15.3351
94 53 22.4706
94 54 7.3831
94 60 36.2336
94 61 39.4101
94 63 12.8663
94 64 16.3158
94 66 21.9876
94 67 33.6574
94 68 37.1922
94 69 41.4423
94 71 38.4209
94 72 23.8877
94 74 29.7265
94 75 25.7003
94 76 20.9518
94 78 1.2381
94 79 36.5359
94 80 37.4375
94 81 46.7565
94 82 21.8476
94 84 17.6700
94 86 8.3574
94 87 4.3745
94 88 1.8522
95 0 31.1258
95 1 29.8219
95 2 17.4958
95 5 46.9899
95 6 27.8074
95 7 5.5527
95 8 4.4867
95 10 30.8838
95 11 34.5628
95 13 13.0614
95 15 23.1841
95 16 37.6352
95 17 32.7360
95 20 40.2197
95 21 23.1769
95 23 43.3327
95 30 44.0048
95 33 39.1304
95 34 23.7140
95 35 30.1460
95 38 25.0296
95 39 12.9090
95 45 42.0081
95 46 8.8398
95 47 26.5034
95 48 9.8115
95 49 39.6834
95 50 4.8762
95 51 21.1494
95 54 45.0832
95 62 5.8538
95 63 2.3176
95 66 30.9480
95 67 6.3920
95 71 29.8753
95 72 45.4411
95 73 16.6986
95 75 41.7961
95 76 10.7187
95 79 2.9281
95 80 11.2211
95 85 13.2965
95 88 33.0949
95 89 43.6892
95 90 26.9757
96 0 38.4117
96 1 2.7028
96 2 25.0324
96 3 11.3631
96 4 9.1541
96 5 33.3134
96 7 41.4738
96 9 44.8616
96 10 22.4528
96 13 10.2037
96 14 11.7118
96 15 18.3765
96 16 36.8889
96 18 37.6428
96 20 48.7803
96 21 48.4363
96 25 45.7429
96 27 25.9186
96 28 22.5582
96 29 5.7628
96 33 47.5871
96 34 14.3665
96 36 19.6159
96 38 44.5453
96 39 13.2599
96 41 31.8837
96 42 33.4059
96 46 46.2587
96 47 19.4331
96 49 35.0786
96 54 49.7041
96 55 33.1320
96 57 7.9757
96 61 33.2343
96 63 22.4290
96 67 39.4002
96 68 5.8606
96 69 12.3488
96 70 8.0519
96 71 47.9214
96 72 10.3907
96 75 47.4027
96 76 32.8102
96 78 10.1853
96 82 7.0713
96 83 34.2341
96 84 24.7931
96 85 5.0117
96 87 22.1342
96 89 21.2115
96 90 9.2690
96 91 39.9659
96 92 15.0287
96 95 16.8779
97 2 39.0278
97 3 37.4301
97 4 24.6248
97 5 39.9261
97 6 7.2009
97 11 21.9335
97 14 46.9484
97 15 5.5329
97 17 8.3977
97 19 48.7357
97 20 49.3538
97 23 41.2649
97 25 36.6048
97 26 42.9368
97 27 23.0603
97 28 39.8881
97 30 30.0996
97 31 2.3330
97 32 30.2429
97 33 17.5755
97 41 42.5899
97 43 49.7573
97 45 38.6364
97 46 47.4288
97 47 28.1655
97 51 7.5556
97 53 49.3853
97 54 18.5308
97 55 46.5099
97 60 41.0780
97 64 39.7011
97 65 1.5163
97 66 48.1237
97 67 47.4599
97 68 37.0198
97 69 31.1409
97 70 3.2559
97 72 33.2716
97 74 42.9562
97 76 19.6908
97 81 13.4671
97 82 10.4504
97 83 18.3095
97 84 40.3392
97 85 47.7728
97 88 16.1008
97 90 36.0089
97 91 28.1732
97 92 28.3351
97 95 4.1696
97 96 6.6188
98 0 7.3817
98 1 47.6030
98 2 29.4023
98 3 46.1759
98 4 8.3390
98 9 40.3100
98 11 48.8326
98 12 43.8502
98 14 44.9278
98 15 8.1122
98 16 35.3209
98 17 47.6802
98 18 7.8041
98 20 4.2781
98 21 10.0041
98 22 7.4910
98 25 16.2481
98 27 47.3526
98 28 30.5883
98 29 49.0583
98 30 14.2248
98 32 20.3887
98 34 37.6089
98 35 46.2532
98 38 44.3985
98 40 30.2093
98 41 9.7371
98 44 45.5532
98 45 48.8367
98 46 21.1998
98 48 35.0669
98 49 37.3957
98 51 16.0579
98 52 14.0645
98 53 12.7948
98 54 18.0820
98 55 17.9493
98 57 30.5710
98 60 26.2027
98 61 35.2856
98 62 10.6135
98 64 42.4743
98 66 7.7594
98 67 10.3511
98 68 30.2024
98 71 19.1534
98 72 25.7319
98 73 29.3189
98 74 24.9895
98 76 25.9945
98 78 5.7782
98 79 16.2650
98 82 22.1651
98 84 47.7761
98 85 19.8267
98 87 37.6921
98 91 13.2611
98 92 2.6887
98 93 4.1470
98 94 22.5582
98 95 7.3182
98 96 19.0663
98 97 9.1778
